1050204013
1050207015
1050208022
1050215005
1050303021
1050309001
1050309004
1050309005
1050309006
1050330014
1050407025
1050407026
1050414004
1050415018
1050420020
1050503011
1050503014
1050503015
1050503017
1050503019
1050503020
1050503028
1050504002
1050504003
1050504005
1050504006
1050504007
1050504008
1050504013
1050504017
1050504020
1050504023
1050504024
1050504029
1050504030
1050504031
1050504033
1050504035
1050505004
1050505008
1050505015
1050505018
1050506015
1050506016
1050506020
1050506021
1050506023
1050506027
1050519002
1050527021
1050527023
1050608016
1050609016
1050609017
1050610035
1050614002
1050615021
1050616002
1050616003
1050621011
1050621012
1050628009
1050630013
1050630017
1050701011
1050728024
1050810008
1050825003
1050825015
1050825026
1051031027
1051031033
1051104004
1051129004
1051130015
1051201033
1120104009
1120104011
1120104015
1120104017
1120104021
1120104022
1120104023
1120104025
1120104030
1120105028
1120106033
1120118019
1120131014
1120207018
1120207026
1120208002
1120209002
1120223011
1120223016
1120223023
1120427008
1120427009
1120427016
1120427024
1120427026
1120427028
1120503003
1120509010
1120516006
1120516023
1120523014
1120605006
1120606028
1120612014
1120619017
1120619019
1120622015
1120626013
1120713005
1120713008
1120713009
1120713011
1120713012
1120724004
1120724005
1120724006
1120724007
1120727015
1120727018
1120727021
1120727022
1120731008
1120731009
1120731010
1120801027
1120801031
1120807009
1120807013
1120814023
1120828002
1120828010
1120828028
1120831027
1120907021
1120918020
1120926004
1120926014
1120926031
1120927012
1120927032
1121001030
1121002016
1140130006
1140130007
1140130008
1140130011
1140130012
1140130019
1140130021
1140130025
1140130030
1140131004
1140131015
1140220019
1140228015
1140328018
1140328021
1140328026
1140328031
1140328033
1140403004
1140403008
1140403018
1140403028
1140416003
1140416006
1140416010
1140416022
1140416026
1140509012
1140513028
1140515011
1140523009
1140523031
1140617014
1140617015
1140617018
1140618023
1140619001
1140724002
1140805001
1140806014
1140806018
1140807004
1140808026
1140820007
1140820017
1140820018
1140820022
1140820029
1140821001
1140821019
1140822020
1140822021
1140822022
1140826001
1140826002
1140826020
1150430001
1150430003
1150430006
1150430008
1150430013
1150430018
1150430031
1150520007
1150522024
1150612012
1150616017
1150710004
1150714001
1150714003
1150714013
1150717008
1150717009
1150721004
1150805018
1150807020
1150827001
1150827002
1150827003
1150827011
1150827018
1150903020
1150915011
1150916003
1150918002
1160415013
1160421005
1160512011
1160512019
1160607022
1160607028
1160701017
1160718005
1160718006
1160718017
1160720017
1160725008
1160725016
1160803032
1160816003
1160915002
1160915016
1160921005
1160928023
1160928024
1160929002
1160929003
1160929013
1160929015
1160929026
1160930008
1160930017
1160930024
1160930027
1160930028
