1120918001
1120918004
1120918008
1120918012
1120918021
1120918028
1120919001
1120919002
1120919003
1120919009
1120919010
1120919011
1120919012
1120919013
1120919014
1120919015
1120919016
1120919017
1120919018
1120919019
1120919020
1120920001
1120920003
1120920005
1120920007
1120920008
1120920009
1120920010
1120920013
1120920015
1120920017
1120920018
1120920019
1120920020
1120920021
1120920023
1120920024
1120920025
1120920026
1120920027
1120920028
1120920029
1120920030
1120920031
1120921001
1120921002
1120921003
1120921005
1120921006
1120921007
1120921008
1120921009
1120921010
1120921011
1120921012
1120921013
1120921015
1120921016
1120921017
1120921018
1120921019
1120921020
1120921021
1120921022
1120921023
1120921024
1120921025
1120921028
1120921029
1120921030
1120921031
1120921032
1120921033
1120921034
