1050208001
1050209021
1050210016
1050211002
1050211003
1050215010
1050215012
1050215016
1050217011
1050217012
1050217013
1050217014
1050217015
1050217017
1050217019
1050217020
1050218005
1050218006
1050218011
1050301004
1050301005
1050301008
1050301019
1050301025
1050302015
1050302016
1050302017
1050302018
1050302021
1050302024
1050302029
1050303007
1050303009
1050303011
1050303013
1050303014
1050303015
1050303016
1050303024
1050303025
1050304008
1050304009
1050304010
1050304011
1050304012
1050304020
1050304021
1050304026
1050304027
1050304029
1050309015
1050309017
1050309019
1050310002
1050310004
1050310010
1050310011
1050311003
1050311004
1050311024
1050311027
1050315028
1050316008
1050316009
1050316014
1050316016
1050316017
1050317001
1050317004
1050317005
1050317006
1050317010
1050317013
1050317016
1050318020
1050318021
1050318022
1050318023
1050318024
1050318025
1050318026
1050318027
1050318031
1050329007
1050329010
1050329011
1050329013
1050329015
1050329016
1050330001
1050330024
1050331001
1050405006
1050405012
1050405013
1050405014
1050405018
1050405025
1050405027
1050405031
1050406002
1050406009
1050406010
1050406012
1050406013
1050406014
1050406015
1050406020
1050406022
1050406024
1050407009
1050407027
1050407028
1050408003
1050408020
1050408021
1050412009
1050412015
1050412019
1050412020
1050412022
1050412023
1050412024
1050412025
1050412026
1050412027
1050412028
1050412029
1050412031
1050412032
1050413012
1050413022
1050415002
1050415003
1050415004
1050415005
1050415009
1050415010
1050415011
1050415012
1050415021
1050415022
1050415023
1050415025
1050415026
1050415028
1050415029
1050415030
1050420012
1050420029
1050422005
1050422006
1050422007
1050422011
1050422012
1050422013
1050422015
1050422023
1050422024
1050427007
1050427010
1050427011
1050427032
1050427033
1050427034
1050427035
1050428022
1050428027
1050429005
1050429015
1050429020
1050429026
1050506008
1050506012
1050506025
1050506032
1050520026
1050524001
1050524012
1050525001
1050525029
1050525030
1050526001
1050526003
1050526004
1050526010
1050526011
1050526012
1050526013
1050526014
1050526015
1050526019
1050526029
1050526032
1050527003
1050527006
1050527014
1050527015
1050527016
1050527024
1050527028
1050601007
1050602024
1050602025
1050602027
1050602028
1050602030
1050602031
1050602032
1050602033
1050608005
1050608006
1050608007
1050608013
1050609010
1050609011
1050609012
1050609015
1050609027
1050610040
1050614027
1050615001
1050615002
1050615004
1050615009
1050615012
1050615018
1050615019
1050615022
1050615023
1050620002
1050620004
1050620006
1050620008
1050620009
1050620010
1050620011
1050620012
1050620013
1050620014
1050620015
1050620032
1050620033
1050620034
1050621016
1050621020
1050621021
1050621022
1050622008
1050623028
1050624005
1050624014
1050624020
1050624025
1050624033
1050628016
1050628017
1050630009
1050630010
1050630011
1050630030
1050630031
1050706009
1050706016
1050706018
1050708024
1050708025
1050718009
1050718014
1050718016
1050718021
1050718023
1050722001
1050725002
1050725005
1050725006
1050725012
1050725014
1050725017
1050725019
1050725028
1050725030
1050725031
1050725032
1050726002
1050726006
1050726009
1050726013
1050726014
1050726015
1050726016
1050726022
1050726029
1050726030
1050726031
1050726032
1050726036
1050727015
1050727028
1050727029
1050728005
1050728006
1050728007
1050728013
1050728014
1050728015
1050728019
1050728020
1050728021
1050728022
1050728029
1050728031
1050728033
1050728034
1050729021
1050802008
1050803004
1050803017
1050805007
1050805011
1050805012
1050805013
1050805015
1050805016
1050805025
1050805030
1050811018
1050812006
1050812009
1050812014
1050812015
1050812016
1050812017
1050812018
1050812019
1050812029
1050819020
1050823001
1050823013
1050823028
1050823033
1050823035
1050824001
1050824002
1050824003
1050824016
1050825004
1050825009
1050825024
1050826003
1050826008
1050826011
1050826012
1050826014
1050826015
1050826017
1050826022
1050826025
1050830020
1050831004
1051101016
1051102003
1051102009
1051102031
1051108015
1051108031
1051108032
1051109008
1051109010
1051109014
1051109017
1051110011
1051110012
1051110014
1051110015
1051110016
1051110017
1051110019
1051110021
1051110024
1051110025
1051110026
1051110027
1051110028
1051116001
1051116002
1051116016
1051117014
1051117018
1051118013
1051118014
1051123006
1051123007
1051123008
1051123009
1051123011
1051123012
1051123016
1051123018
1051123020
1051123024
1051123025
1051123026
1051129026
1051129028
1051129029
1051129031
1051130003
1051130009
1051130012
1051130013
1051130018
1051130020
1051130021
1051130022
1051202018
1051202020
1051202022
1051205010
1051205019
1051206024
1051206028
1051206032
1120105007
1120106010
1120106015
1120106021
1120117015
1120117017
1120117021
1120117022
1120118013
1120118014
1120118020
1120118024
1120125005
1120125011
1120125013
1120125014
1120125031
1120131013
1120131017
1120131018
1120131019
1120131020
1120131025
1120131027
1120202003
1120203007
1120203011
1120203015
1120203017
1120203019
1120203025
1120203034
1120203036
1120207011
1120207014
1120207024
1120207032
1120208013
1120208014
1120209006
1120210008
1120210033
1120214002
1120214004
1120214009
1120214010
1120214011
1120214013
1120214016
1120214017
1120215001
1120215002
1120215004
1120216001
1120216003
1120216007
1120216009
1120216010
1120216014
1120216018
1120217007
1120217009
1120217012
1120217013
1120217014
1120217015
1120217016
1120217017
1120217018
1120217019
1120217020
1120217022
1120217026
1120217027
1120217028
1120221006
1120221015
1120221029
1120221031
1120221032
1120221033
1120221034
1120222022
1120222023
1120222024
1120223003
1120223004
1120223008
1120223014
1120223021
1120223024
1120223029
1120223031
1120223032
1120224001
1120224017
1120224024
1120224028
1120224029
1120224030
1120427030
1120427032
1120501006
1120501011
1120501012
1120501013
1120501014
1120501017
1120501018
1120501019
1120501023
1120501025
1120501027
1120501028
1120501032
1120501034
1120502004
1120502005
1120502006
1120502007
1120502009
1120502010
1120502011
1120502012
1120502013
1120502018
1120502020
1120502023
1120502024
1120502026
1120503002
1120503004
1120503006
1120503007
1120503008
1120503009
1120503010
1120503011
1120503012
1120503014
1120503015
1120503020
1120503021
1120503022
1120503024
1120503025
1120503026
1120503028
1120503030
1120508011
1120508016
1120508021
1120508023
1120508024
1120508025
1120508028
1120508029
1120510020
1120516019
1120516020
1120517007
1120517029
1120531026
1120601018
1120601030
1120605002
1120605003
1120605009
1120605011
1120605014
1120605017
1120605021
1120605023
1120605024
1120606005
1120606009
1120606017
1120606024
1120606029
1120606031
1120606032
1120607002
1120607004
1120607005
1120607008
1120607009
1120607010
1120607011
1120607013
1120608011
1120612001
1120612017
1120612022
1120612023
1120612024
1120612025
1120612029
1120613020
1120613021
1120614027
1120615007
1120615009
1120615010
1120615012
1120615021
1120615023
1120619015
1120620030
1120626001
1120626010
1120626027
1120626031
1120627011
1120627012
1120627019
1120627020
1120627021
1120629002
1120629003
1120629004
1120629005
1120629006
1120629007
1120629008
1120629009
1120629010
1120629011
1120629012
1120629013
1120629015
1120703018
1120705006
1120705016
1120705020
1120705022
1120705024
1120705025
1120706006
1120706011
1120706023
1120706031
1120710003
1120710004
1120710006
1120710007
1120710008
1120710018
1120710028
1120711010
1120711024
1120711025
1120711027
1120712016
1120712027
1120713016
1120713019
1120713031
1120717004
1120717006
1120717007
1120717008
1120717010
1120717011
1120717017
1120718009
1120718015
1120718017
1120718018
1120718019
1120719004
1120719005
1120719006
1120719011
1120719012
1120719013
1120719015
1120719021
1120719029
1120720008
1120720019
1120720020
1120720021
1120720022
1120720024
1120720025
1120725002
1120725003
1120725004
1120725005
1120725006
1120725007
1120725008
1120725009
1120725010
1120725011
1120725012
1120725013
1120725015
1120725017
1120725019
1120725020
1120725021
1120725022
1120725023
1120725024
1120725025
1120725026
1120725027
1120725028
1120725029
1120726011
1120726012
1120726013
1120726014
1120726015
1120726016
1120726026
1120726029
1120727023
1120731014
1120731015
1120731022
1120731023
1120731024
1120731025
1120731026
1120731027
1120731028
1120801016
1120803005
1120803006
1120807006
1120807031
1120807033
1120808003
1120808010
1120808012
1120808016
1120808034
1120809007
1120809013
1120809014
1120810006
1120810007
1120810010
1120810011
1120810012
1120810013
1120810014
1120810016
1120810017
1120810019
1120810020
1120810022
1120814009
1120814010
1120814011
1120814013
1120814015
1120814016
1120814017
1120814019
1120814020
1120814021
1120814025
1120814027
1120814028
1120814029
1120814030
1120814031
1120814032
1120815006
1120815010
1120815012
1120815014
1120815015
1120815016
1120815017
1120816001
1120816003
1120816004
1120816005
1120816009
1120816010
1120816011
1120816013
1120816018
1120816020
1120816024
1120820026
1120820027
1120821017
1120821018
1120821023
1120821024
1120821025
1120821026
1120821027
1120821028
1120821029
1120821030
1120821031
1120822016
1120824008
1120824014
1120824016
1120824022
1120824027
1120828007
1120828008
1120828009
1120828011
1120828012
1120828013
1120828017
1120828018
1120828019
1120828020
1120828030
1120829022
1120829026
1120830002
1120830016
1120830030
1120831004
1120831005
1120831006
1120831007
1120831008
1120831009
1120831010
1120831011
1120831025
1120904016
1120904017
1120904018
1120905003
1120905004
1120905006
1120905007
1120905008
1120905009
1120905010
1120905011
1120905012
1120905017
1120906012
1120906013
1120906015
1120906017
1120906018
1120906019
1120906022
1120906023
1120906024
1120906025
1120906026
1120906027
1120906028
1120906029
1120906030
1120907032
1120907033
1120907035
1120912009
1120912015
1120912018
1120912024
1120914015
1120914024
1120914025
1120914031
1120914035
1120917006
1120917007
1120917008
1120917009
1120917010
1120917015
1120917016
1120917018
1120917019
1120917020
1120917021
1120917022
1120917023
1120917024
1120917025
1120917026
1120917027
1120917028
1120917029
1120917030
1120917031
1120921004
1120921014
1120921026
1120921035
1120926003
1120926005
1120926006
1120926015
1120927008
1120927010
1121001004
1121001005
1121001006
1121001007
1121001008
1121001009
1121001010
1121001012
1121001013
1121001014
1121001015
1121001016
1121001020
1121001022
1121001023
1121001024
1121002008
1140131006
1140131008
1140131009
1140131010
1140204012
1140204013
1140204014
1140204015
1140204021
1140205009
1140205011
1140205012
1140205013
1140205014
1140205015
1140205016
1140205017
1140205018
1140205019
1140205020
1140205021
1140205023
1140205024
1140205025
1140205028
1140205029
1140206011
1140206012
1140206013
1140206015
1140207003
1140207004
1140207005
1140207012
1140207013
1140207014
1140207015
1140207016
1140207018
1140207020
1140207021
1140211015
1140211021
1140220022
1140220023
1140220024
1140221014
1140221026
1140221027
1140224006
1140224016
1140224017
1140224018
1140224023
1140224024
1140224026
1140224031
1140225015
1140225016
1140225018
1140225019
1140225023
1140225026
1140225028
1140226014
1140226015
1140226018
1140226035
1140226036
1140227003
1140227004
1140227011
1140227013
1140227025
1140227026
1140227027
1140227031
1140227032
1140228012
1140228013
1140228016
1140228018
1140228019
1140228020
1140228023
1140228026
1140328014
1140328015
1140328023
1140402006
1140402012
1140402014
1140402022
1140402030
1140408028
1140408029
1140410007
1140410014
1140411020
1140415003
1140415004
1140415005
1140415006
1140415007
1140415010
1140415015
1140415016
1140415028
1140415029
1140415030
1140415031
1140415032
1140416009
1140416020
1140416021
1140509014
1140515004
1140515009
1140520001
1140520002
1140520003
1140520004
1140520006
1140520007
1140520008
1140520009
1140520010
1140520011
1140520012
1140520013
1140520014
1140520015
1140520016
1140520017
1140520018
1140520019
1140521025
1140521029
1140523010
1140523011
1140523012
1140523016
1140523027
1140523028
1140523029
1140605005
1140605019
1140605027
1140606013
1140610004
1140611013
1140611014
1140611015
1140611020
1140612012
1140612017
1140612018
1140612019
1140613007
1140613008
1140613009
1140613010
1140613011
1140613012
1140613013
1140613015
1140613017
1140613018
1140613019
1140613021
1140613023
1140613024
1140613026
1140613027
1140613028
1140618003
1140618015
1140618017
1140701013
1140701014
1140701016
1140702014
1140717005
1140717009
1140717013
1140717014
1140717016
1140717019
1140717021
1140717027
1140722013
1140722014
1140722015
1140722016
1140722027
1140723012
1140724001
1140724003
1140724004
1140724005
1140724006
1140724007
1140724008
1140724010
1140724012
1140724013
1140724016
1140724018
1140724021
1140724023
1140724024
1140724025
1140724028
1140724031
1140725005
1140725006
1140725008
1140725011
1140725018
1140725021
1140725022
1140725024
1140725025
1140725026
1140725027
1140725028
1140725029
1140725030
1140725031
1140725032
1140725033
1140725034
1140729006
1140729008
1140729009
1140729010
1140729014
1140729017
1140729025
1140729026
1140730003
1140730032
1140730033
1140805003
1140805006
1140805020
1140805024
1140807021
1140808011
1140808021
1140808025
1140808029
1140814002
1140814003
1140814005
1140814006
1140814007
1140814008
1140814009
1140814010
1140814011
1140814012
1140814013
1140814014
1140814015
1140814016
1140814018
1140814019
1140814020
1140814021
1140814022
1140814023
1140814025
1140814028
1140815005
1140815010
1140815014
1140815015
1140815017
1140815020
1140815021
1140815027
1140819006
1140819007
1140819008
1140819014
1140819015
1140819029
1140820002
1140820005
1140820016
1140820019
1140820023
1140820024
1140820025
1140820026
1140821008
1140821009
1140821010
1140821015
1140821016
1140821017
1140821018
1140821020
1140821021
1140821022
1140826028
1140826030
1140827001
1140827003
1140827012
1140827016
1140827019
1140827022
1140827023
1140827024
1140827026
1140827027
1140827028
1150430032
1150430034
1150501003
1150501008
1150501012
1150501016
1150501017
1150501019
1150501022
1150501023
1150505024
1150505025
1150505027
1150505028
1150505033
1150506007
1150506014
1150506026
1150506027
1150507001
1150513007
1150513008
1150513020
1150514002
1150514003
1150514004
1150515003
1150520002
1150520003
1150520004
1150520005
1150520006
1150520010
1150520011
1150520012
1150520014
1150520015
1150520016
1150520017
1150520018
1150520019
1150520020
1150520021
1150520022
1150520023
1150520024
1150520025
1150520026
1150520027
1150520028
1150520029
1150520030
1150520031
1150520032
1150521001
1150521002
1150521003
1150521004
1150521005
1150521006
1150521007
1150521008
1150521009
1150521010
1150521011
1150521012
1150521013
1150521014
1150521015
1150521016
1150521017
1150521018
1150521019
1150521020
1150521021
1150521024
1150521025
1150521026
1150521027
1150521028
1150521031
1150522001
1150522002
1150522020
1150522027
1150522028
1150522033
1150522034
1150527005
1150527006
1150527007
1150527008
1150527010
1150527012
1150527013
1150527014
1150527015
1150527016
1150527017
1150527018
1150527019
1150527020
1150527022
1150527023
1150527024
1150527025
1150527027
1150527028
1150527029
1150527030
1150528001
1150528002
1150528003
1150528005
1150528006
1150528007
1150528008
1150528009
1150528010
1150528011
1150528012
1150528013
1150528014
1150528015
1150528016
1150528017
1150528019
1150528020
1150528021
1150528023
1150528024
1150529001
1150529002
1150529004
1150529005
1150529006
1150529010
1150529011
1150602001
1150602003
1150602006
1150602010
1150602016
1150602018
1150602023
1150605028
1150609001
1150609002
1150610001
1150610002
1150610003
1150610004
1150610031
1150610032
1150610034
1150612023
1150612028
1150616009
1150616010
1150617015
1150618022
1150618024
1150618025
1150623015
1150625001
1150625006
1150625008
1150625010
1150625011
1150625012
1150625013
1150625014
1150625015
1150625024
1150626005
1150630002
1150630008
1150630009
1150630010
1150630020
1150630022
1150708009
1150708011
1150708030
1150708031
1150709002
1150709004
1150709005
1150709009
1150709010
1150709011
1150709012
1150709013
1150709014
1150709015
1150709016
1150709017
1150709031
1150710003
1150710005
1150710007
1150710008
1150710010
1150710011
1150714004
1150714016
1150714023
1150714031
1150715019
1150715020
1150715021
1150715023
1150715025
1150716016
1150716020
1150716021
1150716022
1150716023
1150716024
1150716025
1150716026
1150716027
1150716028
1150716029
1150716030
1150716031
1150716032
1150716033
1150721005
1150721013
1150721015
1150721017
1150721018
1150721021
1150721022
1150721023
1150721026
1150721027
1150721028
1150721029
1150722014
1150722015
1150722031
1150723001
1150723019
1150723020
1150723022
1150724012
1150728018
1150728021
1150728022
1150728024
1150728025
1150728027
1150729009
1150729011
1150729013
1150729018
1150804017
1150804018
1150804019
1150804023
1150805002
1150805015
1150805016
1150805017
1150805019
1150805020
1150805021
1150805023
1150805024
1150806001
1150806002
1150806003
1150806005
1150806006
1150806010
1150806011
1150806012
1150806013
1150806014
1150806015
1150806016
1150806018
1150806022
1150806027
1150806030
1150806031
1150806032
1150806035
1150807004
1150812003
1150812004
1150812005
1150812007
1150812008
1150812009
1150812010
1150812011
1150812012
1150812013
1150812014
1150814002
1150814007
1150814008
1150814010
1150814012
1150814013
1150814014
1150814016
1150814017
1150814019
1150814020
1150814021
1150818001
1150818013
1150818015
1150818020
1150818022
1150818023
1150818024
1150818027
1150818028
1150819005
1150819009
1150819012
1150820003
1150820006
1150820007
1150820012
1150820013
1150820014
1150820015
1150820016
1150820017
1150820019
1150820022
1150820023
1150820024
1150820025
1150820026
1150820027
1150820028
1150820029
1150820030
1150821003
1150825007
1150825008
1150826025
1150901008
1150901010
1150901018
1150903014
1150903015
1150903016
1150903028
1150904003
1150904028
1150915010
1150915012
1150915013
1150915017
1150915018
1150915020
1150915021
1150915024
1150915026
1150917009
1150922004
1150922005
1150922006
1150922014
1150922015
1150922016
1150922020
1150922030
1150923006
1150923008
1150923009
1150923018
1150923023
1150923028
1150923032
1150923033
1150925008
1150925009
1150925010
1150925011
1150925012
1150925013
1150925016
1150925017
1150925018
1150925020
1150925021
1150925022
1150925025
1150928006
1150929007
1150929009
1150930015
1151002014
1151002022
1160405004
1160405005
1160405006
1160405007
1160405008
1160405011
1160405013
1160405015
1160405021
1160405022
1160405023
1160405024
1160405026
1160405027
1160406002
1160406003
1160406005
1160406007
1160406008
1160406009
1160406010
1160406011
1160406012
1160406013
1160406014
1160406018
1160406022
1160406023
1160406024
1160406025
1160406026
1160412011
1160412012
1160412013
1160412014
1160412015
1160412016
1160412017
1160412018
1160412019
1160412020
1160412025
1160412026
1160412027
1160413008
1160414021
1160415027
1160415028
1160419015
1160420025
1160421007
1160421008
1160421009
1160421010
1160421013
1160421014
1160421015
1160421016
1160427003
1160427006
1160427007
1160427008
1160427009
1160427010
1160427012
1160427013
1160427015
1160427017
1160427018
1160427019
1160427020
1160427027
1160429017
1160429019
1160429021
1160429022
1160429024
1160503021
1160503031
1160506002
1160506003
1160506009
1160506010
1160506011
1160506012
1160512022
1160517006
1160517007
1160517008
1160517009
1160517010
1160518001
1160520001
1160520002
1160520004
1160520010
1160520012
1160520017
1160520020
1160520021
1160520023
1160520025
1160520029
1160525001
1160525009
1160525013
1160525014
1160525015
1160525016
1160525017
1160525018
1160525024
1160525025
1160607001
1160607010
1160607013
1160607014
1160607015
1160607016
1160607017
1160607019
1160607020
1160607021
1160607023
1160607025
1160607027
1160607029
1160609021
1160609023
1160609028
1160609029
1160616022
1160616023
1160616024
1160616025
1160616026
1160616027
1160617012
1160617020
1160617025
1160617026
1160617028
1160617029
1160617030
1160621006
1160629002
1160629019
1160629024
1160629027
1160701018
1160706010
1160706011
1160708005
1160708006
1160708025
1160712016
1160713010
1160713012
1160714001
1160714003
1160714005
1160714008
1160714011
1160714012
1160714015
1160714016
1160714018
1160714019
1160714020
1160714021
1160714022
1160714023
1160714026
1160714028
1160714030
1160714032
1160715010
1160715011
1160715012
1160718011
1160718014
1160718020
1160718021
1160718023
1160718024
1160718026
1160718027
1160720016
1160721013
1160725013
1160727011
1160728007
1160729012
1160803033
1160803034
1160805016
1160811009
1160811010
1160812002
1160816016
1160816022
1160816023
1160816024
1160818026
1160818027
1160818028
1160818029
1160819021
1160823017
1160823020
1160824009
1160824023
1160824026
1160825004
1160826005
1160826026
1160826027
1160826029
1160830011
1160831019
1160901006
1160901010
1160901012
1160901020
1160901023
1160902003
1160902008
1160902009
1160902010
1160902011
1160907003
1160907005
1160907006
1160907013
1160907016
1160907017
1160907019
1160908002
1160908015
1160908022
1160909005
1160909006
1160909008
1160909011
1160909015
1160909017
1160913024
1160914013
1160914014
1160914015
1160916005
1160916006
1160920008
1160920009
1160921004
1160921008
1160921017
1160921018
1160921021
1160923003
1160926025
1160926027
1160926039
1160927004
1160927005
1160927006
1160927011
1160927012
1160927014
1160927026
1160927028
1160928003
1160928004
1160928007
1160928022
1160930032
1160930037
1160930043
