1050208006
1050208007
1050208008
1050208009
1050208010
1050208011
1050208012
1050208014
1050208015
1050208016
1050208017
1050208018
1050208019
1050208020
1050208021
1050209004
1050209005
1050209006
1050209007
1050209008
1050209009
1050209010
1050209012
1050209013
1050209014
1050210001
1050210002
1050210003
1050210004
1050210010
1050210012
1050210013
1050210014
1050210021
1050210022
1050211001
1050211031
1050215007
1050215008
1050215009
1050215011
1050215015
1050216001
1050216002
1050216006
1050216007
1050216008
1050216012
1050216013
1050216014
1050216016
1050217001
1050217003
1050217005
1050217006
1050217007
1050217009
1050217010
1050217022
1050217025
1050218001
1050218002
1050218008
1050218009
1050218010
1050218012
1050218014
1050218015
1050218018
1050218019
1050218020
1050218021
1050218022
1050218024
1050218025
1050218026
1050218027
1050301021
1050302005
1050302006
1050302007
1050302008
1050302010
1050302011
1050302012
1050302013
1050302023
1050303004
1050303005
1050303008
1050303012
1050303017
1050303018
1050303019
1050303020
1050303022
1050303023
1050304006
1050304007
1050304013
1050304014
1050304015
1050304018
1050304024
1050309013
1050310015
1050310016
1050310018
1050310019
1050310022
1050310023
1050310024
1050310025
1050310026
1050315001
1050315004
1050315005
1050315006
1050315007
1050315008
1050315009
1050315010
1050315011
1050315012
1050315013
1050315014
1050315015
1050315016
1050315017
1050315018
1050315019
1050315020
1050315021
1050315022
1050315023
1050315024
1050315025
1050315026
1050315027
1050315029
1050315031
1050316003
1050316005
1050316007
1050316011
1050316012
1050316013
1050316015
1050316018
1050317022
1050317024
1050317025
1050317026
1050317027
1050317028
1050318001
1050318002
1050318003
1050318004
1050318005
1050318006
1050318007
1050318008
1050318009
1050318010
1050318011
1050318012
1050318013
1050318015
1050318016
1050318017
1050318018
1050318019
1050318033
1050329005
1050329014
1050330002
1050330003
1050330004
1050330007
1050330008
1050331002
1050331003
1050331004
1050331008
1050331011
1050331012
1050331013
1050331014
1050331015
1050331016
1050331017
1050331018
1050331019
1050331020
1050331021
1050331022
1050331023
1050331024
1050331025
1050331026
1050331027
1050331028
1050331030
1050331031
1050331032
1050331033
1050401001
1050401002
1050401003
1050401004
1050401005
1050401006
1050401007
1050401008
1050401009
1050401010
1050401015
1050401019
1050405002
1050405003
1050405005
1050405009
1050405011
1050406004
1050406005
1050406006
1050406007
1050406008
1050406016
1050406017
1050406026
1050406027
1050406028
1050406029
1050406030
1050406031
1050407002
1050407003
1050407004
1050407005
1050407006
1050407007
1050407011
1050407013
1050407014
1050407015
1050407016
1050407017
1050407018
1050407019
1050407020
1050407021
1050408004
1050408009
1050408023
1050408024
1050408025
1050408026
1050408027
1050408028
1050408029
1050408030
1050412003
1050412005
1050412006
1050412007
1050412008
1050412010
1050412011
1050412014
1050412016
1050412017
1050412018
1050413002
1050413003
1050413004
1050413005
1050413006
1050413008
1050413009
1050413010
1050413011
1050413013
1050413014
1050413015
1050413016
1050413017
1050414002
1050414005
1050414007
1050414008
1050414010
1050414011
1050414013
1050414014
1050414015
1050414016
1050414017
1050414018
1050414019
1050414020
1050414021
1050414022
1050414023
1050420003
1050420004
1050420006
1050420009
1050420011
1050420013
1050420014
1050420015
1050420017
1050420019
1050420021
1050420022
1050420023
1050420024
1050420025
1050420028
1050420032
1050421001
1050421002
1050421003
1050421004
1050421008
1050421009
1050421010
1050421011
1050421012
1050421013
1050421014
1050421015
1050421016
1050421017
1050421018
1050421019
1050421020
1050421021
1050421022
1050421023
1050421024
1050421025
1050421026
1050421027
1050421029
1050421030
1050422001
1050422003
1050422004
1050422008
1050422010
1050422014
1050422019
1050422020
1050422021
1050422022
1050422025
1050422026
1050426001
1050426004
1050426005
1050426006
1050426007
1050426009
1050426010
1050426011
1050426012
1050426014
1050426016
1050426018
1050426021
1050426022
1050426023
1050427003
1050427006
1050427009
1050427013
1050427014
1050427015
1050427016
1050427020
1050427021
1050427022
1050427023
1050427024
1050427025
1050427026
1050427027
1050427029
1050427030
1050427031
1050427036
1050428002
1050428003
1050428004
1050428005
1050428007
1050428011
1050428014
1050428015
1050428016
1050428017
1050428018
1050428019
1050428020
1050428026
1050428028
1050428029
1050428030
1050428031
1050428032
1050429001
1050429002
1050429004
1050429006
1050429016
1050429017
1050429019
1050429021
1050429022
1050429023
1050429024
1050429027
1050429028
1050429031
1050504026
1050504040
1050506014
1050506031
1050519032
1050519033
1050520003
1050520005
1050520012
1050520018
1050520020
1050520023
1050520029
1050520030
1050520032
1050520033
1050524005
1050524010
1050524014
1050524016
1050524018
1050524019
1050524020
1050524021
1050524022
1050524023
1050524024
1050524025
1050524026
1050524027
1050524030
1050524031
1050524032
1050525002
1050525003
1050525004
1050525005
1050525006
1050525007
1050525008
1050525009
1050525010
1050525011
1050525012
1050525013
1050525014
1050525015
1050525016
1050525017
1050525018
1050525019
1050525020
1050525021
1050525022
1050525028
1050525031
1050525032
1050525033
1050525034
1050526002
1050526005
1050526006
1050526007
1050526008
1050526009
1050526016
1050526017
1050526018
1050526020
1050526021
1050526022
1050526023
1050526024
1050526025
1050526026
1050526027
1050526028
1050526031
1050526034
1050527011
1050527012
1050527018
1050527019
1050527020
1050527022
1050527025
1050527026
1050601009
1050601022
1050602006
1050602007
1050602008
1050602009
1050602010
1050602011
1050602013
1050602014
1050602015
1050602016
1050602017
1050602018
1050602019
1050602020
1050602021
1050602023
1050603001
1050603002
1050608002
1050608004
1050608008
1050608012
1050608014
1050608018
1050608020
1050608021
1050609001
1050609002
1050609004
1050609006
1050609007
1050609008
1050609009
1050609018
1050609020
1050609021
1050609022
1050609023
1050609024
1050609025
1050609026
1050610005
1050610008
1050610009
1050610010
1050610011
1050610012
1050610013
1050610017
1050610018
1050610020
1050610022
1050610023
1050610024
1050610026
1050610029
1050610030
1050610031
1050610032
1050610033
1050610034
1050610037
1050610039
1050610043
1050610044
1050610045
1050610046
1050610048
1050614003
1050614004
1050614005
1050614006
1050614007
1050614008
1050614009
1050614010
1050614011
1050614012
1050614013
1050614014
1050614015
1050614016
1050614017
1050614018
1050614020
1050614021
1050614023
1050614024
1050614025
1050614026
1050615003
1050615007
1050615010
1050615011
1050615013
1050615028
1050620016
1050620017
1050620018
1050620019
1050620020
1050620021
1050620022
1050620023
1050620024
1050620025
1050620026
1050620027
1050620028
1050620029
1050620030
1050620035
1050621001
1050621002
1050621003
1050621004
1050621005
1050621006
1050621008
1050621009
1050621010
1050621013
1050621014
1050621015
1050621028
1050621029
1050621030
1050621031
1050621032
1050621033
1050622001
1050622002
1050622004
1050622005
1050622006
1050622007
1050622009
1050622010
1050622011
1050622012
1050622013
1050622014
1050622015
1050623002
1050623003
1050623004
1050623005
1050623006
1050623007
1050623008
1050623010
1050623011
1050623012
1050623013
1050623014
1050623015
1050623016
1050623017
1050623018
1050623019
1050623020
1050623021
1050623022
1050623024
1050623025
1050623026
1050623029
1050623031
1050623033
1050624001
1050624003
1050624007
1050624008
1050624009
1050624010
1050624011
1050624012
1050624013
1050624015
1050624017
1050624018
1050624019
1050624021
1050624022
1050624023
1050624027
1050624028
1050624029
1050624031
1050624032
1050628002
1050628003
1050628004
1050628005
1050628007
1050628008
1050628010
1050628012
1050628014
1050628015
1050628018
1050628019
1050628021
1050628022
1050628023
1050628024
1050628025
1050628026
1050628027
1050628028
1050628029
1050628030
1050628031
1050629004
1050629007
1050629011
1050629014
1050629015
1050629016
1050629017
1050629019
1050629020
1050629021
1050629022
1050629023
1050629024
1050629025
1050629026
1050629027
1050629028
1050629030
1050630001
1050630002
1050630003
1050630004
1050630005
1050630006
1050630007
1050630008
1050630018
1050630019
1050630020
1050630021
1050630023
1050630025
1050630026
1050630027
1050630028
1050630029
1050630032
1050630033
1050630034
1050630035
1050701002
1050701003
1050701004
1050701005
1050701006
1050701007
1050701008
1050701009
1050701010
1050701012
1050701013
1050701014
1050701015
1050701016
1050701017
1050701018
1050701019
1050701020
1050701021
1050701022
1050701023
1050701024
1050701025
1050701026
1050701027
1050701028
1050701029
1050701030
1050701032
1050701033
1050701034
1050705001
1050705002
1050705004
1050705005
1050705007
1050705009
1050705010
1050705012
1050705014
1050705016
1050705018
1050705019
1050705022
1050706005
1050706008
1050706011
1050706014
1050706019
1050706022
1050706023
1050706029
1050706030
1050706032
1050707002
1050707003
1050707004
1050707005
1050707006
1050707008
1050707011
1050707014
1050707015
1050707016
1050707018
1050707019
1050707021
1050707022
1050707023
1050707024
1050707025
1050707026
1050707027
1050707028
1050707029
1050707030
1050708002
1050708004
1050708005
1050708006
1050708007
1050708008
1050708009
1050708011
1050708014
1050708015
1050708016
1050708017
1050708019
1050708021
1050708022
1050708023
1050708026
1050708027
1050708028
1050708029
1050708030
1050708031
1050718004
1050718005
1050718007
1050718010
1050718012
1050718017
1050718019
1050718020
1050718022
1050718024
1050718026
1050718027
1050718028
1050718029
1050718030
1050722002
1050722005
1050725001
1050725003
1050725004
1050725007
1050725008
1050725009
1050725010
1050725011
1050725013
1050725015
1050725016
1050725018
1050725020
1050725021
1050725022
1050725023
1050725025
1050725026
1050725027
1050725029
1050726005
1050726008
1050726010
1050726012
1050726017
1050726018
1050726019
1050726020
1050727001
1050727002
1050727004
1050727005
1050727006
1050727007
1050727008
1050727009
1050727010
1050727011
1050727012
1050727013
1050727014
1050727016
1050727017
1050727018
1050727019
1050727020
1050727021
1050727022
1050727023
1050727025
1050727030
1050727031
1050727032
1050727033
1050727034
1050728001
1050728002
1050728003
1050728004
1050728011
1050728018
1050728027
1050728030
1050728035
1050729002
1050729003
1050729004
1050729006
1050729008
1050729012
1050729014
1050729015
1050729017
1050729018
1050729019
1050729020
1050729022
1050729023
1050729024
1050729025
1050729026
1050729027
1050729028
1050729029
1050729033
1050729037
1050802001
1050802002
1050802003
1050802004
1050802005
1050802006
1050802007
1050802009
1050802010
1050802011
1050802012
1050802015
1050802016
1050802018
1050802019
1050802020
1050802021
1050802023
1050802024
1050802025
1050802028
1050802030
1050802031
1050802032
1050802033
1050803002
1050803003
1050803006
1050803007
1050803008
1050803009
1050803010
1050803011
1050803012
1050803018
1050803023
1050803024
1050803025
1050803026
1050803027
1050803030
1050803031
1050803032
1050803033
1050803034
1050803035
1050803036
1050804001
1050804002
1050804003
1050804004
1050804005
1050804006
1050804007
1050804008
1050804009
1050804011
1050804013
1050804014
1050804015
1050804016
1050804017
1050804018
1050804019
1050804020
1050804021
1050804022
1050804023
1050804025
1050804028
1050804029
1050804030
1050804031
1050804032
1050804033
1050804034
1050804035
1050804036
1050804037
1050805002
1050805003
1050805004
1050805009
1050805010
1050805019
1050805020
1050805021
1050805022
1050805023
1050805024
1050805027
1050805028
1050805029
1050805031
1050809003
1050809004
1050809008
1050809011
1050809012
1050809014
1050809015
1050809016
1050810002
1050810004
1050810005
1050810007
1050810009
1050810012
1050810014
1050810016
1050810017
1050810019
1050810020
1050810021
1050810022
1050810024
1050810027
1050810028
1050810029
1050810030
1050811013
1050811014
1050811016
1050811017
1050812003
1050812005
1050812007
1050812008
1050812010
1050812020
1050812024
1050812025
1050812026
1050812027
1050812028
1050812030
1050812031
1050812032
1050812033
1050818003
1050818005
1050818006
1050818007
1050818008
1050818009
1050818011
1050818012
1050818013
1050818014
1050818015
1050818016
1050818020
1050818022
1050818023
1050818025
1050818026
1050819001
1050819002
1050819004
1050819006
1050819011
1050819012
1050819018
1050819019
1050819021
1050819022
1050819024
1050819025
1050819026
1050819027
1050819028
1050819029
1050819030
1050819031
1050822005
1050822009
1050822011
1050822013
1050822014
1050822016
1050822018
1050822020
1050822021
1050822022
1050823002
1050823003
1050823005
1050823006
1050823007
1050823008
1050823010
1050823011
1050823012
1050823014
1050823015
1050823016
1050823017
1050823018
1050823019
1050823020
1050823021
1050823022
1050823023
1050823024
1050823025
1050823026
1050823027
1050823029
1050823030
1050823031
1050823032
1050823034
1050824005
1050824006
1050824013
1050825001
1050825002
1050825005
1050825007
1050825025
1050826001
1050826002
1050826013
1050826019
1050826020
1050826021
1050826024
1050826026
1050826027
1050830018
1050830019
1050830021
1050830022
1050830023
1050830024
1050830025
1050830026
1050830027
1050830028
1050830035
1050831001
1050831002
1050831005
1050831006
1050831007
1050831008
1050831009
1050831010
1050831011
1050831012
1050831014
1050831015
1050831016
1050831018
1051101007
1051101009
1051101010
1051101015
1051101018
1051101020
1051101023
1051101025
1051101026
1051102002
1051102014
1051102019
1051102021
1051102023
1051102025
1051102028
1051103001
1051103005
1051103009
1051103011
1051103012
1051103013
1051103014
1051103015
1051103020
1051103021
1051103022
1051103023
1051103025
1051103028
1051103029
1051103030
1051103031
1051103033
1051104001
1051104002
1051104005
1051104006
1051104007
1051104008
1051104009
1051104012
1051104013
1051104015
1051104016
1051104018
1051104021
1051104023
1051104024
1051104026
1051104028
1051108001
1051108003
1051108004
1051108006
1051108011
1051108012
1051108013
1051108014
1051108018
1051108019
1051108020
1051108024
1051108027
1051108029
1051109002
1051109003
1051109004
1051109005
1051109009
1051109011
1051109013
1051109015
1051110001
1051110002
1051110003
1051110004
1051110005
1051110006
1051110007
1051110008
1051110009
1051110029
1051110030
1051116003
1051116004
1051116005
1051116006
1051116007
1051116011
1051116012
1051116017
1051116018
1051116020
1051116021
1051116022
1051116023
1051116024
1051116025
1051116026
1051116027
1051116028
1051117022
1051117023
1051117024
1051117028
1051117030
1051117031
1051118003
1051118004
1051118005
1051118006
1051118007
1051118008
1051118009
1051118010
1051118012
1051118019
1051118020
1051118022
1051121005
1051121011
1051121014
1051121015
1051121020
1051122001
1051122004
1051122006
1051122008
1051122009
1051122011
1051122013
1051122014
1051122016
1051122017
1051122021
1051122023
1051122024
1051122026
1051122027
1051122030
1051122031
1051122032
1051123001
1051123002
1051123003
1051123004
1051123010
1051123017
1051123019
1051129007
1051129008
1051129009
1051129011
1051129013
1051129015
1051129016
1051129017
1051129018
1051129019
1051129020
1051129021
1051129023
1051129024
1051129025
1051129027
1051129030
1051129032
1051129033
1051130002
1051130004
1051130006
1051130008
1051130010
1051201001
1051201002
1051201003
1051201004
1051201005
1051201006
1051201008
1051201009
1051201010
1051201011
1051201012
1051201013
1051201014
1051201016
1051201017
1051201018
1051201019
1051201023
1051201025
1051201026
1051201027
1051201028
1051201029
1051201030
1051201031
1051201034
1051201035
1051201036
1051201037
1051202001
1051202004
1051202005
1051202006
1051202007
1051202008
1051202010
1051202011
1051202012
1051202013
1051202014
1051202015
1051202016
1051202017
1051202024
1051205001
1051205002
1051205004
1051205005
1051205007
1051205008
1051205012
1051205013
1051205015
1051205017
1051205018
1051205022
1051205023
1051205024
1051205028
1051205029
1051205030
1051205031
1051206001
1051206002
1051206003
1051206005
1051206007
1051206008
1051206009
1051206010
1051206011
1051206012
1051206013
1051206014
1051206015
1051206016
1051206017
1051206018
1051206019
1051206022
1120104005
1120104006
1120104007
1120104008
1120104010
1120104012
1120104013
1120104014
1120104018
1120104019
1120104024
1120104027
1120104028
1120104029
1120104031
1120104032
1120104033
1120104034
1120104036
1120105001
1120105002
1120105003
1120105004
1120105006
1120105009
1120105010
1120105011
1120105012
1120105013
1120105014
1120105015
1120105017
1120105018
1120105019
1120105020
1120105025
1120105026
1120105031
1120105034
1120106008
1120106011
1120106012
1120106016
1120106017
1120106020
1120106025
1120106026
1120106027
1120106028
1120106030
1120106031
1120106032
1120117005
1120117006
1120117007
1120117008
1120117009
1120117010
1120117011
1120117012
1120117013
1120117014
1120117016
1120118012
1120118015
1120118022
1120118023
1120118029
1120119003
1120119006
1120119007
1120119008
1120119009
1120119012
1120119013
1120119014
1120119015
1120119016
1120119017
1120124002
1120124003
1120124004
1120124005
1120124006
1120124007
1120124009
1120124010
1120125001
1120125002
1120125003
1120125004
1120125007
1120125009
1120125010
1120125012
1120125015
1120125016
1120125019
1120125020
1120125021
1120125022
1120125023
1120125026
1120125027
1120125028
1120125029
1120125030
1120125033
1120125034
1120125035
1120127001
1120127002
1120127004
1120127005
1120127006
1120127007
1120127008
1120127009
1120127010
1120127011
1120127012
1120127014
1120127015
1120127016
1120127017
1120127018
1120127019
1120127021
1120127022
1120127023
1120127024
1120127025
1120127026
1120131005
1120131015
1120131016
1120131021
1120131022
1120131023
1120131024
1120131028
1120131029
1120131030
1120131031
1120131032
1120203001
1120203002
1120203003
1120203004
1120203009
1120203023
1120203027
1120203028
1120203029
1120203031
1120203032
1120207002
1120207004
1120207005
1120207006
1120207007
1120207008
1120207009
1120207012
1120207013
1120207015
1120207016
1120207017
1120207019
1120207020
1120207022
1120207023
1120207029
1120207030
1120207031
1120208001
1120208004
1120208005
1120208006
1120208007
1120208008
1120208009
1120208010
1120208011
1120208012
1120208025
1120208026
1120208027
1120208028
1120208029
1120209003
1120209004
1120209012
1120209013
1120210002
1120210003
1120210007
1120210010
1120210011
1120210012
1120210013
1120210014
1120210015
1120210020
1120210021
1120210026
1120210028
1120210029
1120210031
1120210032
1120214005
1120214006
1120214012
1120214014
1120214015
1120214018
1120214019
1120214020
1120214021
1120214022
1120214023
1120214024
1120214026
1120214027
1120214028
1120214029
1120214030
1120214031
1120214032
1120215006
1120215008
1120215011
1120215013
1120215014
1120215015
1120215016
1120215017
1120215020
1120215021
1120215022
1120215023
1120215024
1120215025
1120215026
1120216006
1120216008
1120216011
1120216012
1120216013
1120216017
1120216020
1120216021
1120216022
1120216023
1120216025
1120216026
1120216028
1120216030
1120216031
1120217001
1120217002
1120217003
1120217008
1120217010
1120217011
1120221004
1120221005
1120221008
1120221009
1120221010
1120221011
1120221012
1120221013
1120221014
1120221016
1120221017
1120221018
1120221019
1120221020
1120221021
1120221023
1120221024
1120221025
1120221026
1120221027
1120221028
1120221030
1120222009
1120222012
1120222016
1120222017
1120222018
1120222019
1120222021
1120222025
1120222026
1120222027
1120223001
1120223002
1120223027
1120223028
1120223033
1120223034
1120224002
1120224003
1120224004
1120224005
1120224006
1120224008
1120224009
1120224010
1120224011
1120224012
1120224013
1120224014
1120224015
1120224016
1120224019
1120224020
1120224022
1120224023
1120224025
1120224026
1120224027
1120224032
1120224033
1120224034
1120427031
1120501004
1120501005
1120501007
1120501010
1120502001
1120502002
1120502003
1120502008
1120502015
1120502016
1120502017
1120502019
1120502021
1120502022
1120503001
1120503005
1120503013
1120503016
1120509002
1120509011
1120509012
1120509013
1120509014
1120509015
1120509016
1120509017
1120509018
1120509019
1120509020
1120509022
1120509023
1120509024
1120509025
1120509026
1120509028
1120509031
1120509032
1120510001
1120510002
1120510003
1120510004
1120510005
1120510006
1120510009
1120510010
1120510011
1120510012
1120510013
1120510014
1120510015
1120510016
1120510017
1120510018
1120510019
1120510022
1120510023
1120510024
1120510025
1120510027
1120510028
1120510029
1120510030
1120514002
1120514003
1120514006
1120514007
1120514009
1120514010
1120514011
1120514012
1120514013
1120514014
1120516001
1120516002
1120516003
1120516004
1120516005
1120516007
1120516008
1120516009
1120516010
1120516011
1120516012
1120516021
1120516022
1120517002
1120517003
1120517004
1120517005
1120517006
1120517008
1120517009
1120517010
1120517011
1120517012
1120517013
1120517014
1120517016
1120517018
1120517022
1120517026
1120517027
1120517028
1120517032
1120518001
1120518003
1120518004
1120518006
1120518007
1120518008
1120518009
1120518010
1120518011
1120518012
1120518013
1120518014
1120518015
1120518016
1120518018
1120518020
1120518021
1120518022
1120518023
1120518024
1120518025
1120518026
1120522001
1120522003
1120522005
1120522007
1120522010
1120522012
1120522015
1120522019
1120522021
1120522024
1120522025
1120522028
1120522029
1120522030
1120522031
1120523001
1120523002
1120523003
1120523005
1120523006
1120523007
1120523008
1120523009
1120523011
1120523012
1120523013
1120523015
1120523016
1120523017
1120523018
1120523019
1120523020
1120523021
1120523022
1120523023
1120523024
1120523025
1120523026
1120523027
1120523029
1120523030
1120523031
1120523032
1120530001
1120530002
1120530003
1120530006
1120530007
1120530009
1120530010
1120530011
1120530012
1120530014
1120530015
1120530016
1120530017
1120530018
1120530019
1120530020
1120530021
1120530022
1120530023
1120530024
1120530026
1120530027
1120530028
1120530029
1120531002
1120531003
1120531004
1120531005
1120531006
1120531007
1120531008
1120531009
1120531010
1120531011
1120531012
1120531013
1120531014
1120531015
1120531017
1120531018
1120531020
1120531024
1120531025
1120531027
1120531030
1120531031
1120531032
1120531034
1120601001
1120601002
1120601003
1120601005
1120601006
1120601007
1120601008
1120601009
1120601010
1120601011
1120601012
1120601013
1120601014
1120601016
1120601017
1120601019
1120601020
1120601021
1120601022
1120601023
1120601024
1120601025
1120601026
1120601027
1120601028
1120601029
1120605010
1120605012
1120605013
1120605016
1120605018
1120605019
1120605020
1120605022
1120606001
1120606002
1120606003
1120606004
1120606006
1120606007
1120606008
1120606010
1120606012
1120606013
1120606014
1120606015
1120606018
1120606019
1120606021
1120606023
1120606025
1120606026
1120606027
1120608012
1120608013
1120608014
1120608015
1120608016
1120608017
1120608018
1120608019
1120608020
1120608021
1120608022
1120608023
1120608024
1120612002
1120612003
1120612004
1120612005
1120612006
1120612007
1120612008
1120612009
1120612010
1120612011
1120612012
1120612013
1120612015
1120612016
1120612018
1120612020
1120612021
1120612026
1120612027
1120612028
1120613002
1120613003
1120613004
1120613005
1120613007
1120613008
1120613009
1120613011
1120613012
1120613014
1120613016
1120613017
1120613018
1120613019
1120613022
1120613023
1120613024
1120613025
1120613026
1120613027
1120613028
1120613029
1120613030
1120614001
1120614002
1120614005
1120614006
1120614007
1120614009
1120614010
1120614012
1120614013
1120614014
1120614017
1120614018
1120614019
1120614020
1120614021
1120614022
1120614023
1120614024
1120614025
1120614026
1120614028
1120615004
1120615005
1120615006
1120615015
1120615017
1120615022
1120615024
1120615025
1120615026
1120615027
1120615028
1120615029
1120619004
1120619005
1120619006
1120619007
1120619008
1120619009
1120619010
1120619011
1120619012
1120619013
1120619014
1120619021
1120619022
1120619023
1120619024
1120619025
1120619026
1120619027
1120620005
1120620006
1120620007
1120620008
1120620009
1120620010
1120620011
1120620013
1120620014
1120620015
1120620016
1120620017
1120620018
1120620019
1120620024
1120620027
1120620028
1120621002
1120621003
1120621004
1120621005
1120621007
1120621008
1120621009
1120621010
1120621013
1120621014
1120621016
1120621017
1120621018
1120621019
1120621023
1120621025
1120621026
1120622016
1120626005
1120626006
1120626007
1120626009
1120626011
1120626012
1120626014
1120626015
1120626019
1120626023
1120626024
1120626025
1120626028
1120626029
1120626032
1120627001
1120627002
1120627003
1120627004
1120627005
1120627006
1120627007
1120627008
1120627009
1120627010
1120627013
1120627014
1120627015
1120627016
1120627017
1120627018
1120627022
1120629016
1120629017
1120629018
1120703003
1120703007
1120703009
1120703014
1120703015
1120703016
1120703020
1120705001
1120705002
1120705003
1120705004
1120705005
1120705007
1120705008
1120705010
1120705011
1120705012
1120705013
1120705014
1120705015
1120705017
1120705018
1120705021
1120705026
1120706004
1120706005
1120706008
1120706009
1120706010
1120706015
1120706017
1120706018
1120706019
1120706021
1120706022
1120706028
1120706029
1120706030
1120706033
1120710009
1120710010
1120710011
1120710012
1120710013
1120710014
1120710015
1120710016
1120710020
1120710021
1120710022
1120710023
1120710024
1120710025
1120710026
1120710029
1120711001
1120711002
1120711003
1120711004
1120711005
1120711006
1120711007
1120711008
1120711009
1120711011
1120711012
1120711014
1120711015
1120711019
1120711020
1120711021
1120711022
1120711023
1120712001
1120712005
1120712007
1120712009
1120712013
1120712015
1120712018
1120712019
1120712020
1120712021
1120712022
1120712023
1120712024
1120712025
1120712026
1120712028
1120712029
1120713001
1120713002
1120713003
1120713006
1120713010
1120713013
1120713015
1120713017
1120713021
1120713022
1120713024
1120713026
1120713029
1120713030
1120717009
1120717014
1120717015
1120717016
1120717018
1120717020
1120717021
1120718002
1120718003
1120718004
1120718005
1120718006
1120718007
1120718008
1120718014
1120718016
1120718020
1120718021
1120718022
1120718023
1120718024
1120718025
1120718026
1120718027
1120719007
1120719008
1120719009
1120719014
1120719017
1120719018
1120719019
1120719020
1120719022
1120719023
1120719024
1120719025
1120719026
1120719027
1120719028
1120719030
1120720001
1120720002
1120720003
1120720004
1120720005
1120720006
1120720007
1120720009
1120720010
1120720011
1120720015
1120720016
1120720017
1120720026
1120724011
1120724012
1120724013
1120724014
1120724015
1120724016
1120724017
1120724018
1120724019
1120724020
1120724021
1120724022
1120724023
1120724024
1120724025
1120724026
1120724027
1120724028
1120724029
1120725014
1120725016
1120725018
1120726001
1120726002
1120726003
1120726004
1120726005
1120726006
1120726007
1120726008
1120726009
1120726010
1120726018
1120726019
1120726020
1120726021
1120726023
1120726024
1120726025
1120726027
1120726028
1120727005
1120727007
1120727009
1120727012
1120727013
1120727014
1120727016
1120727019
1120727020
1120731013
1120731017
1120731018
1120731019
1120731020
1120731021
1120801001
1120801002
1120801003
1120801004
1120801005
1120801006
1120801014
1120801015
1120801017
1120801018
1120801020
1120801021
1120801022
1120801025
1120801029
1120802004
1120803002
1120803003
1120803004
1120803007
1120803009
1120803010
1120803011
1120803012
1120803013
1120803014
1120803015
1120807002
1120807005
1120807007
1120807008
1120807010
1120807011
1120807012
1120807014
1120807015
1120807016
1120807017
1120807018
1120807019
1120807021
1120807022
1120807023
1120807024
1120807025
1120807026
1120807027
1120807028
1120807029
1120808001
1120808002
1120808005
1120808007
1120808008
1120808009
1120808011
1120808013
1120808014
1120808017
1120808018
1120808019
1120808020
1120808021
1120808022
1120808023
1120808024
1120808025
1120808026
1120808027
1120808028
1120808030
1120808031
1120808032
1120808033
1120809002
1120809003
1120809004
1120809005
1120809006
1120809008
1120809009
1120809010
1120809011
1120809012
1120809015
1120809016
1120809017
1120809018
1120809019
1120809020
1120809021
1120809022
1120809025
1120809026
1120809027
1120809028
1120809029
1120809030
1120809031
1120810001
1120810002
1120810004
1120810005
1120810008
1120810009
1120810015
1120810018
1120810021
1120810024
1120810025
1120810027
1120810028
1120810030
1120814002
1120814003
1120814005
1120814007
1120814008
1120814014
1120814018
1120814022
1120814024
1120814026
1120815001
1120815003
1120815004
1120815005
1120815008
1120815009
1120815011
1120815013
1120815018
1120815019
1120815020
1120815021
1120815022
1120815023
1120815024
1120815025
1120815026
1120815027
1120815028
1120815029
1120815030
1120815031
1120815032
1120815033
1120815034
1120816006
1120816007
1120816012
1120816017
1120816019
1120816022
1120816023
1120820020
1120820021
1120820022
1120820023
1120820024
1120820025
1120820028
1120820029
1120820030
1120821002
1120821003
1120821004
1120821005
1120821006
1120821007
1120821008
1120821009
1120821011
1120821012
1120821013
1120821014
1120821015
1120821016
1120821022
1120822001
1120822002
1120822003
1120822004
1120822005
1120822006
1120822007
1120822008
1120822009
1120822010
1120822011
1120822012
1120822013
1120822014
1120822015
1120822017
1120822018
1120822019
1120822020
1120822023
1120822024
1120822025
1120822026
1120822027
1120822028
1120822029
1120822030
1120824005
1120824006
1120824011
1120824018
1120824019
1120824023
1120828003
1120828004
1120828006
1120828016
1120828022
1120828023
1120828024
1120828025
1120828026
1120828027
1120828029
1120828031
1120829001
1120829002
1120829003
1120829004
1120829006
1120829009
1120829010
1120829011
1120829012
1120829013
1120829014
1120829015
1120829016
1120829017
1120829020
1120829021
1120829023
1120829025
1120830003
1120830007
1120830008
1120830009
1120830010
1120830011
1120830013
1120830014
1120830015
1120830017
1120830018
1120830019
1120830020
1120830021
1120830022
1120830025
1120830028
1120830029
1120830032
1120831014
1120831015
1120831018
1120831019
1120831020
1120831021
1120831022
1120831024
1120831028
1120831029
1120831030
1120831031
1120831032
1120904002
1120904003
1120904004
1120904005
1120904006
1120904007
1120904008
1120904010
1120904013
1120904015
1120904019
1120904020
1120904021
1120904022
1120904023
1120904024
1120904025
1120904027
1120905002
1120905005
1120905019
1120905021
1120906004
1120906005
1120906006
1120906007
1120906009
1120906010
1120906011
1120906014
1120906016
1120906021
1120907001
1120907002
1120907003
1120907005
1120907006
1120907007
1120907008
1120907009
1120907010
1120907011
1120907012
1120907013
1120907014
1120907015
1120907016
1120907024
1120907026
1120907027
1120907028
1120907029
1120907031
1120907036
1120907037
1120912004
1120912005
1120912006
1120912007
1120912008
1120912010
1120912011
1120912012
1120912014
1120912016
1120912017
1120912020
1120912021
1120912022
1120912023
1120912025
1120912026
1120912027
1120912028
1120913010
1120913011
1120913012
1120913014
1120913015
1120913016
1120913017
1120913018
1120913019
1120913020
1120913021
1120913022
1120913023
1120913025
1120913026
1120913028
1120913029
1120913030
1120913031
1120913032
1120913033
1120913034
1120913035
1120913036
1120913037
1120914002
1120914003
1120914004
1120914006
1120914007
1120914008
1120914009
1120914010
1120914011
1120914012
1120914013
1120914014
1120914019
1120914020
1120914021
1120914022
1120914023
1120914026
1120914027
1120914028
1120914029
1120914034
1120914036
1120914037
1120917004
1120917005
1120917032
1120917033
1120918002
1120918003
1120918005
1120918006
1120918007
1120918009
1120918010
1120918011
1120918013
1120918014
1120918015
1120918016
1120918017
1120918018
1120918019
1120918022
1120918023
1120918024
1120918025
1120918026
1120918027
1120919021
1120919022
1120919023
1120920011
1120920012
1120920014
1120920016
1120920022
1120926007
1120926010
1120926011
1120926012
1120926016
1120926017
1120926018
1120926025
1120926026
1120926027
1120926028
1120926032
1120926034
1120927002
1120927003
1120927004
1120927007
1120927015
1120927016
1120927017
1120927018
1120927019
1120927021
1120927022
1120927025
1120927026
1120927027
1120927028
1120927029
1120927030
1120927031
1120927034
1120927035
1121001003
1121001018
1121001019
1121001021
1121001025
1121001026
1121001027
1121001028
1121001029
1121001032
1121001033
1121002002
1121002003
1121002005
1121002006
1121002007
1121002009
1121002010
1121002012
1121002013
1121002015
1121002017
1121002018
1121002020
1121002021
1121002022
1121002023
1121002029
1121002030
1121002031
1121002032
1121002033
1140131016
1140131017
1140131018
1140131019
1140131020
1140131024
1140131025
1140131027
1140131028
1140131030
1140204001
1140204002
1140204003
1140204004
1140204005
1140204006
1140204007
1140204008
1140204009
1140204010
1140204011
1140204016
1140204018
1140204019
1140204022
1140204024
1140204025
1140205002
1140205003
1140206001
1140206003
1140206004
1140206005
1140206009
1140206016
1140207002
1140207019
1140211005
1140211006
1140211007
1140211008
1140211009
1140211010
1140211013
1140211014
1140211017
1140211018
1140211019
1140211020
1140211022
1140211023
1140211024
1140211025
1140212004
1140212005
1140212006
1140212008
1140212009
1140212010
1140212011
1140212012
1140212013
1140212014
1140212015
1140212016
1140212017
1140212018
1140212019
1140212020
1140212021
1140212022
1140212023
1140212024
1140212025
1140212026
1140212027
1140213003
1140213004
1140213005
1140213007
1140213008
1140213009
1140213010
1140213011
1140213013
1140213014
1140213015
1140213016
1140213017
1140213018
1140213019
1140213020
1140213021
1140213022
1140213023
1140213024
1140213025
1140213026
1140213027
1140213028
1140213029
1140213030
1140214001
1140214002
1140214003
1140220004
1140220005
1140220006
1140220007
1140220008
1140220010
1140220011
1140220012
1140220013
1140220014
1140220015
1140220017
1140220020
1140221001
1140221002
1140221003
1140221004
1140221005
1140221006
1140221007
1140221008
1140221009
1140221010
1140221011
1140221012
1140221013
1140221015
1140221016
1140221017
1140221019
1140221020
1140221021
1140221022
1140221023
1140221025
1140221028
1140224002
1140224003
1140224004
1140224005
1140224007
1140224008
1140224009
1140224010
1140224012
1140224013
1140224014
1140224015
1140224019
1140224021
1140224022
1140224025
1140224027
1140224028
1140224029
1140224030
1140225001
1140225002
1140225003
1140225009
1140225010
1140225011
1140225013
1140225014
1140225017
1140225020
1140225022
1140225024
1140225025
1140225027
1140226019
1140226028
1140226029
1140226030
1140226031
1140226032
1140226034
1140227002
1140227007
1140227008
1140227010
1140227014
1140227015
1140227016
1140227017
1140227018
1140227020
1140227021
1140227022
1140227023
1140227024
1140227028
1140227029
1140228001
1140228003
1140228005
1140228006
1140228007
1140228008
1140228010
1140228011
1140228021
1140228022
1140228024
1140228025
1140228027
1140327008
1140327009
1140327011
1140327012
1140327013
1140327014
1140327015
1140327016
1140327017
1140327018
1140327020
1140327021
1140327022
1140328011
1140328016
1140328020
1140328022
1140328024
1140328027
1140328029
1140328032
1140402010
1140402016
1140402018
1140402019
1140402020
1140402021
1140402023
1140402029
1140402031
1140403001
1140403002
1140403003
1140403006
1140403007
1140403009
1140403010
1140403012
1140403013
1140403014
1140403016
1140403017
1140403019
1140403020
1140403021
1140403023
1140403024
1140403025
1140403026
1140403027
1140403029
1140403030
1140403031
1140403032
1140403033
1140403034
1140408001
1140408002
1140408003
1140408004
1140408005
1140408006
1140408007
1140408008
1140408009
1140408010
1140408011
1140408012
1140408013
1140408015
1140408016
1140408017
1140408018
1140408019
1140408020
1140408021
1140408022
1140408023
1140408024
1140408025
1140408026
1140408027
1140408030
1140410002
1140410004
1140410008
1140410009
1140410010
1140410011
1140410012
1140410015
1140410016
1140410017
1140410018
1140410019
1140410020
1140410022
1140410023
1140410024
1140410025
1140410026
1140411003
1140411004
1140411005
1140411006
1140411007
1140411008
1140411009
1140411010
1140411011
1140411012
1140411013
1140411014
1140411015
1140411016
1140411017
1140411021
1140411023
1140411024
1140411025
1140411026
1140411027
1140411028
1140411029
1140411030
1140415013
1140415014
1140415018
1140415019
1140415022
1140416011
1140416012
1140416013
1140416014
1140416015
1140416016
1140416017
1140416018
1140416019
1140416024
1140416025
1140416027
1140416028
1140416029
1140416030
1140509006
1140509007
1140509008
1140509009
1140509010
1140509011
1140509015
1140509016
1140509017
1140509018
1140509019
1140509020
1140509021
1140509022
1140509023
1140509024
1140509025
1140509026
1140513001
1140513002
1140513003
1140513005
1140513006
1140513007
1140513008
1140513009
1140513010
1140513011
1140513012
1140513013
1140513014
1140513015
1140513016
1140513017
1140513018
1140513019
1140513020
1140513021
1140513022
1140513023
1140513024
1140513025
1140513026
1140513027
1140513029
1140513030
1140513031
1140513032
1140514003
1140514004
1140514005
1140514006
1140514007
1140514008
1140514009
1140514010
1140514011
1140514012
1140514013
1140514014
1140514015
1140514016
1140514017
1140514018
1140514019
1140514020
1140514021
1140514022
1140514023
1140514024
1140514025
1140514026
1140514027
1140514028
1140514029
1140514030
1140514031
1140514032
1140515002
1140515003
1140515005
1140515006
1140515008
1140515010
1140515012
1140515016
1140515021
1140515022
1140515028
1140521005
1140521006
1140521007
1140521008
1140521009
1140521010
1140521011
1140521012
1140521013
1140521014
1140521015
1140521016
1140521017
1140521019
1140521020
1140521022
1140521023
1140522002
1140522009
1140522011
1140522012
1140522013
1140522014
1140522015
1140522016
1140522017
1140522019
1140522022
1140522023
1140523006
1140523007
1140523008
1140523013
1140523021
1140523023
1140523026
1140523030
1140523032
1140523033
1140605003
1140605004
1140605006
1140605007
1140605008
1140605009
1140605010
1140605011
1140605012
1140605013
1140605014
1140605015
1140605016
1140605017
1140605018
1140605024
1140605025
1140605026
1140605032
1140606003
1140606004
1140606005
1140606006
1140606007
1140606008
1140606010
1140606011
1140606012
1140606014
1140606015
1140606016
1140606017
1140606018
1140606020
1140606021
1140606022
1140606023
1140606025
1140606026
1140606027
1140606028
1140606029
1140610005
1140610010
1140610011
1140610012
1140610014
1140611005
1140611006
1140611007
1140611008
1140611009
1140611010
1140611011
1140611012
1140611019
1140612001
1140612002
1140612003
1140612004
1140612005
1140612006
1140612008
1140612009
1140612010
1140612011
1140612013
1140612015
1140612016
1140612020
1140612021
1140612022
1140612024
1140612025
1140612026
1140612027
1140612028
1140612029
1140613001
1140613002
1140613003
1140613005
1140613006
1140617003
1140617004
1140617005
1140617006
1140617007
1140617008
1140617009
1140617010
1140617011
1140617012
1140617013
1140617016
1140617017
1140617019
1140617020
1140617021
1140617022
1140617023
1140617025
1140617026
1140617027
1140617031
1140618002
1140618006
1140618008
1140618009
1140618010
1140618012
1140618013
1140618014
1140618016
1140618018
1140618019
1140618020
1140618021
1140618022
1140618024
1140619002
1140619003
1140619004
1140619005
1140619006
1140619008
1140619009
1140619010
1140619011
1140619012
1140619013
1140619014
1140619015
1140619017
1140619018
1140619019
1140619023
1140619024
1140625003
1140625006
1140625008
1140625009
1140625010
1140625011
1140625012
1140625013
1140625014
1140625015
1140625016
1140625017
1140625020
1140625021
1140625022
1140625023
1140625024
1140625025
1140625026
1140625027
1140625028
1140625029
1140625030
1140701001
1140701002
1140701003
1140701007
1140701008
1140701009
1140701010
1140701011
1140701012
1140701019
1140701020
1140701021
1140701022
1140701023
1140701024
1140701025
1140701026
1140701027
1140701028
1140701030
1140702001
1140702007
1140702011
1140702015
1140702016
1140702017
1140702018
1140702019
1140702025
1140702026
1140702027
1140702028
1140702029
1140702030
1140702031
1140702032
1140702033
1140709019
1140709020
1140710005
1140710006
1140710007
1140710008
1140711006
1140711007
1140711008
1140711009
1140711010
1140711011
1140711012
1140711013
1140711014
1140711015
1140711016
1140711017
1140711018
1140711019
1140711020
1140711021
1140711022
1140711023
1140711024
1140711025
1140711026
1140711030
1140711031
1140714001
1140714002
1140714003
1140714004
1140714005
1140714006
1140714008
1140714009
1140714010
1140714011
1140714013
1140714014
1140714015
1140714016
1140714020
1140714021
1140714022
1140714023
1140714024
1140714026
1140714027
1140714028
1140714029
1140714030
1140715001
1140715002
1140715003
1140715004
1140715005
1140715006
1140715007
1140715008
1140715009
1140715010
1140715011
1140715013
1140715014
1140715015
1140715021
1140715022
1140715024
1140715026
1140715027
1140715028
1140717001
1140717003
1140717004
1140717006
1140717007
1140717008
1140717010
1140717011
1140717012
1140722001
1140722002
1140722003
1140722004
1140722005
1140722006
1140722008
1140722009
1140722011
1140722012
1140722017
1140722019
1140722020
1140722022
1140722023
1140722024
1140722025
1140722026
1140723003
1140723004
1140723006
1140723007
1140723008
1140723009
1140723010
1140723011
1140723013
1140723014
1140723015
1140723016
1140723017
1140723018
1140723019
1140723020
1140723021
1140723022
1140723023
1140723024
1140723025
1140723026
1140723027
1140723028
1140723030
1140723031
1140723032
1140723033
1140723034
1140725001
1140725009
1140725012
1140729001
1140729002
1140729003
1140729004
1140729005
1140729007
1140729011
1140729012
1140729013
1140729015
1140729016
1140729018
1140729019
1140729020
1140729021
1140729023
1140729024
1140729027
1140729028
1140729029
1140729030
1140730001
1140730002
1140730004
1140730005
1140730006
1140730007
1140730008
1140730009
1140730012
1140730013
1140730014
1140730016
1140730017
1140730018
1140730019
1140730020
1140730021
1140730022
1140730026
1140730030
1140730031
1140731001
1140731002
1140731003
1140731007
1140731011
1140731012
1140731013
1140731014
1140731015
1140731016
1140731017
1140731018
1140731019
1140731020
1140731021
1140731022
1140731023
1140731024
1140731025
1140731026
1140731028
1140731029
1140731032
1140731033
1140731034
1140731035
1140731036
1140801001
1140801002
1140801003
1140801004
1140801005
1140801006
1140801007
1140801008
1140801009
1140801010
1140801011
1140801012
1140801013
1140801015
1140801016
1140801017
1140801018
1140801019
1140801020
1140801021
1140801022
1140801023
1140801024
1140801025
1140801026
1140801027
1140801028
1140801029
1140801030
1140801031
1140801032
1140805002
1140805005
1140805007
1140805013
1140805014
1140805015
1140805017
1140805019
1140805022
1140805023
1140805025
1140805027
1140805028
1140805029
1140805030
1140805033
1140806001
1140806003
1140806004
1140806005
1140806006
1140806007
1140806008
1140806009
1140806010
1140806011
1140806012
1140806013
1140806019
1140806020
1140806021
1140806022
1140806025
1140806026
1140806027
1140806028
1140806029
1140806030
1140806031
1140806032
1140806033
1140807002
1140807003
1140807005
1140807006
1140807007
1140807008
1140807009
1140807010
1140807011
1140807012
1140807013
1140807014
1140807015
1140807016
1140807017
1140807018
1140807023
1140807024
1140807025
1140807026
1140808027
1140808028
1140814001
1140814024
1140815001
1140815002
1140815003
1140815004
1140815009
1140815011
1140815012
1140815013
1140815016
1140815018
1140815019
1140815022
1140815023
1140815024
1140815025
1140815026
1140815028
1140815029
1140819001
1140819002
1140819003
1140819004
1140819005
1140819009
1140819010
1140819011
1140819012
1140819026
1140819028
1140819031
1140819034
1140820001
1140820004
1140820006
1140820012
1140820015
1140821003
1140821004
1140821005
1140821006
1140821023
1140821025
1140821026
1140821027
1140821028
1140821029
1140821030
1140821031
1140822002
1140822003
1140822004
1140822005
1140822006
1140822007
1140822008
1140822009
1140822010
1140822011
1140822013
1140822014
1140822016
1140822017
1140822018
1140822019
1140822023
1140822024
1140822025
1140822026
1140822027
1140822028
1140822030
1140822031
1140826005
1140826006
1140826007
1140826008
1140826010
1140826012
1140826014
1140826016
1140826017
1140826018
1140826019
1140826022
1140826023
1140826024
1140826025
1140826027
1140827002
1140827004
1140827005
1140827006
1140827007
1140827009
1140827010
1140827011
1140827015
1140827025
1150501002
1150501005
1150501006
1150501007
1150501009
1150501010
1150501011
1150501013
1150501014
1150501015
1150501020
1150501021
1150505001
1150505002
1150505003
1150505004
1150505005
1150505006
1150505007
1150505008
1150505009
1150505010
1150505011
1150505012
1150505013
1150505014
1150505015
1150505016
1150505017
1150505018
1150505019
1150505020
1150505021
1150505022
1150505023
1150505026
1150505029
1150505030
1150505031
1150505032
1150506001
1150506002
1150506003
1150506004
1150506005
1150506006
1150506008
1150506009
1150506010
1150506011
1150506012
1150506013
1150506015
1150506017
1150506018
1150506019
1150506020
1150506021
1150506025
1150507002
1150507003
1150507004
1150507005
1150507006
1150507007
1150507008
1150507009
1150507010
1150507011
1150507012
1150507013
1150507014
1150507015
1150507016
1150507017
1150507018
1150507019
1150507020
1150507021
1150507022
1150507023
1150507024
1150507025
1150507026
1150508001
1150508002
1150508003
1150508004
1150508005
1150508006
1150508007
1150508008
1150508009
1150508010
1150508011
1150508012
1150508013
1150508014
1150508015
1150508016
1150508017
1150508018
1150508019
1150508020
1150508021
1150508022
1150508023
1150508024
1150508025
1150508026
1150508027
1150508028
1150508029
1150508030
1150508031
1150508032
1150513001
1150513002
1150513003
1150513004
1150513005
1150513006
1150513010
1150513011
1150513013
1150513014
1150513015
1150513016
1150513017
1150513018
1150513019
1150513021
1150514001
1150514005
1150514006
1150514007
1150514008
1150514009
1150514010
1150514011
1150514013
1150514014
1150514015
1150514016
1150514017
1150514018
1150514019
1150514020
1150514021
1150514022
1150514023
1150514024
1150514025
1150514026
1150515001
1150515002
1150515005
1150515006
1150515008
1150515009
1150515010
1150515011
1150515012
1150520001
1150521029
1150522003
1150522004
1150522006
1150522007
1150522008
1150522009
1150522011
1150522012
1150522013
1150522014
1150522015
1150522016
1150522017
1150522018
1150522019
1150522022
1150522023
1150522025
1150522026
1150522030
1150522031
1150522032
1150527001
1150527002
1150527004
1150527021
1150529003
1150529007
1150529008
1150529009
1150529012
1150529013
1150529014
1150529015
1150529017
1150529018
1150529019
1150529020
1150529021
1150529022
1150529023
1150529024
1150529025
1150529026
1150529027
1150529028
1150529029
1150602002
1150602019
1150602027
1150604003
1150604004
1150604006
1150604007
1150604010
1150604012
1150604013
1150604015
1150604016
1150604017
1150604018
1150604019
1150604020
1150604021
1150604022
1150604023
1150604024
1150605027
1150610025
1150610027
1150610028
1150610029
1150610030
1150611001
1150611004
1150611005
1150611006
1150611007
1150611008
1150611009
1150611010
1150611011
1150611012
1150611013
1150611014
1150611015
1150611016
1150611017
1150611018
1150611019
1150611020
1150611021
1150611024
1150611025
1150611026
1150611027
1150611028
1150611029
1150611030
1150611031
1150611032
1150611033
1150612004
1150612006
1150612007
1150612008
1150612009
1150612014
1150612015
1150612016
1150612017
1150612018
1150612019
1150612020
1150612021
1150612022
1150612024
1150612029
1150612030
1150612032
1150612033
1150612034
1150616002
1150616003
1150616011
1150616012
1150616014
1150616016
1150616018
1150616019
1150616021
1150616024
1150616025
1150616026
1150617002
1150617003
1150617004
1150617005
1150617006
1150617007
1150617008
1150617009
1150617010
1150617011
1150617013
1150617014
1150617017
1150618001
1150618003
1150618004
1150618005
1150618006
1150618007
1150618008
1150618010
1150618011
1150618012
1150618013
1150618014
1150618015
1150618016
1150618019
1150618021
1150623001
1150623002
1150623003
1150623004
1150623005
1150623006
1150623008
1150623009
1150623010
1150623011
1150623013
1150623014
1150623016
1150623018
1150623019
1150623020
1150623021
1150623022
1150623023
1150623024
1150623025
1150623026
1150623027
1150623028
1150623029
1150623030
1150623031
1150624001
1150624002
1150624003
1150624004
1150624006
1150624007
1150624008
1150624009
1150624011
1150625003
1150625005
1150625021
1150625022
1150625023
1150625025
1150625026
1150625027
1150625028
1150625029
1150625030
1150625031
1150626001
1150626002
1150626003
1150626006
1150626007
1150626008
1150626009
1150626010
1150626011
1150626012
1150626013
1150626014
1150626015
1150626016
1150626018
1150626019
1150626020
1150626021
1150626022
1150626023
1150626024
1150626025
1150626026
1150630001
1150630003
1150630004
1150630005
1150630006
1150630007
1150630011
1150630012
1150630013
1150630014
1150630016
1150630017
1150630018
1150630021
1150708008
1150708012
1150708014
1150708017
1150708018
1150708019
1150708022
1150708023
1150708025
1150708026
1150708027
1150708028
1150708029
1150709018
1150709019
1150709020
1150709021
1150709022
1150709023
1150709024
1150709025
1150709027
1150709028
1150709029
1150709030
1150710012
1150710013
1150710014
1150710015
1150710016
1150710017
1150710018
1150710019
1150710020
1150710021
1150710022
1150710023
1150710024
1150710025
1150714005
1150714006
1150714008
1150714009
1150714010
1150714011
1150714015
1150714017
1150714018
1150714019
1150714020
1150714021
1150714022
1150714024
1150714025
1150714026
1150714027
1150714028
1150714030
1150715001
1150715002
1150715003
1150715004
1150715005
1150715006
1150715007
1150715011
1150715012
1150716005
1150716006
1150716007
1150716009
1150716010
1150716011
1150716012
1150716013
1150716014
1150716015
1150716017
1150716018
1150716019
1150717001
1150717002
1150717004
1150717005
1150717006
1150717007
1150717011
1150717012
1150717013
1150717014
1150717015
1150717016
1150717017
1150717018
1150717020
1150717021
1150717022
1150717023
1150717024
1150717025
1150717026
1150717027
1150717030
1150717031
1150721001
1150721002
1150721003
1150721006
1150721007
1150721009
1150721010
1150721011
1150721012
1150721020
1150722001
1150722002
1150722004
1150722008
1150722009
1150722010
1150722011
1150722012
1150722013
1150722016
1150722017
1150722018
1150722019
1150722020
1150722021
1150722022
1150722023
1150722024
1150722025
1150722026
1150722027
1150722028
1150722029
1150722030
1150723002
1150723003
1150723004
1150723005
1150723006
1150723007
1150723008
1150723009
1150723010
1150723011
1150723012
1150723013
1150723014
1150723021
1150723023
1150723024
1150723025
1150723026
1150723027
1150723028
1150723032
1150723033
1150723034
1150724001
1150724003
1150724004
1150724005
1150724006
1150724007
1150724008
1150724009
1150724010
1150724011
1150724013
1150724015
1150724017
1150724019
1150724022
1150724026
1150724027
1150724028
1150724030
1150724031
1150724032
1150728001
1150728002
1150728003
1150728004
1150728006
1150728007
1150728008
1150728009
1150728010
1150728015
1150728016
1150728017
1150728019
1150728020
1150728023
1150728026
1150729010
1150729016
1150729017
1150729019
1150729020
1150729022
1150729023
1150729025
1150729026
1150729027
1150729028
1150729029
1150729030
1150729031
1150730001
1150730002
1150730003
1150730004
1150730005
1150730006
1150730007
1150730009
1150730010
1150730011
1150730012
1150730013
1150730014
1150730015
1150730016
1150730017
1150730018
1150730019
1150730020
1150730021
1150730022
1150730023
1150730024
1150730025
1150730026
1150730027
1150730028
1150730029
1150730030
1150730031
1150731004
1150731005
1150731007
1150731012
1150731013
1150731014
1150731015
1150731016
1150731017
1150731019
1150731021
1150804002
1150804003
1150804004
1150804005
1150804006
1150804007
1150804009
1150804010
1150804011
1150804012
1150804013
1150804014
1150804015
1150804016
1150804020
1150804021
1150804022
1150804025
1150804026
1150804027
1150804028
1150805003
1150805004
1150805005
1150805006
1150805007
1150805008
1150805009
1150805011
1150805013
1150805014
1150806021
1150806028
1150807002
1150807003
1150807006
1150807007
1150807008
1150807010
1150807011
1150807012
1150807013
1150807014
1150807015
1150807016
1150807017
1150807018
1150807019
1150807021
1150807022
1150807023
1150807024
1150807025
1150807026
1150807027
1150811002
1150811003
1150811004
1150811005
1150811006
1150811007
1150811008
1150811009
1150811010
1150811011
1150811012
1150811013
1150811014
1150811015
1150811016
1150811017
1150811018
1150811019
1150811021
1150812015
1150812017
1150812018
1150812019
1150812020
1150812021
1150812022
1150812023
1150812024
1150812025
1150812026
1150812027
1150812028
1150812029
1150812030
1150813001
1150813002
1150813003
1150813004
1150813005
1150813006
1150813007
1150813008
1150813009
1150813010
1150813011
1150813012
1150813013
1150813014
1150813015
1150813016
1150813017
1150813018
1150813020
1150813021
1150813022
1150813023
1150813024
1150813025
1150813026
1150813027
1150813028
1150814001
1150814003
1150814004
1150814005
1150814006
1150814009
1150814011
1150814015
1150814018
1150814022
1150814023
1150814024
1150814025
1150814026
1150814027
1150814028
1150814029
1150818002
1150818003
1150818004
1150818005
1150818007
1150818008
1150818009
1150818010
1150818011
1150818012
1150818016
1150818017
1150818018
1150818019
1150818025
1150818026
1150819002
1150819003
1150819004
1150819006
1150819007
1150819008
1150819010
1150819011
1150819013
1150819014
1150819015
1150819016
1150819017
1150819018
1150819019
1150819020
1150819021
1150819022
1150819023
1150820002
1150820005
1150820021
1150820032
1150825009
1150825010
1150825011
1150825012
1150825013
1150825014
1150825015
1150825016
1150825017
1150825018
1150825019
1150826001
1150826002
1150826003
1150826004
1150826006
1150826007
1150826008
1150826009
1150826010
1150826011
1150826012
1150826013
1150826014
1150826015
1150826016
1150826018
1150826019
1150826020
1150826021
1150826022
1150826023
1150826024
1150826026
1150826027
1150826029
1150826030
1150826031
1150826032
1150826033
1150827006
1150827010
1150827012
1150827013
1150827014
1150827015
1150827016
1150827017
1150827019
1150827020
1150901005
1150901006
1150901007
1150901009
1150901011
1150901013
1150901014
1150901015
1150901016
1150901017
1150901020
1150901021
1150901022
1150901023
1150901024
1150902001
1150902002
1150902003
1150902004
1150902005
1150902006
1150902007
1150902008
1150902009
1150902010
1150902011
1150902013
1150902014
1150902015
1150902016
1150902017
1150902018
1150902019
1150902020
1150902021
1150902022
1150902023
1150902024
1150902025
1150902026
1150902027
1150903001
1150903002
1150903003
1150903004
1150903005
1150903006
1150903007
1150903008
1150903009
1150903010
1150903017
1150903018
1150903019
1150903021
1150903022
1150903025
1150904002
1150904004
1150904005
1150904006
1150904007
1150904008
1150904011
1150904013
1150904016
1150904018
1150904019
1150904022
1150904023
1150904024
1150911017
1150911019
1150911020
1150911021
1150911022
1150911023
1150911024
1150915001
1150915003
1150915004
1150915005
1150915006
1150915009
1150915014
1150915015
1150915016
1150915019
1150915023
1150915025
1150915027
1150915028
1150915030
1150915031
1150916004
1150916005
1150916006
1150916007
1150916009
1150916010
1150916011
1150916012
1150916013
1150916014
1150916015
1150916016
1150916017
1150916018
1150916019
1150916020
1150916021
1150916022
1150916023
1150916024
1150916027
1150916028
1150916029
1150916030
1150916031
1150916032
1150916033
1150916034
1150916035
1150916036
1150917002
1150917003
1150917004
1150917005
1150917006
1150917007
1150917008
1150917010
1150917011
1150917012
1150917013
1150917014
1150917015
1150917016
1150917017
1150917018
1150917019
1150917020
1150917021
1150917022
1150918003
1150918013
1150918014
1150918015
1150918016
1150918017
1150918019
1150918020
1150922001
1150922002
1150922003
1150922008
1150922009
1150922011
1150922012
1150922013
1150922017
1150922018
1150922021
1150922023
1150922024
1150922029
1150923001
1150923002
1150923003
1150923004
1150923005
1150923007
1150923010
1150923011
1150923013
1150923015
1150923016
1150923017
1150923019
1150923020
1150923021
1150923022
1150923024
1150923025
1150923026
1150923027
1150923029
1150923030
1150923031
1150925002
1150925003
1150925004
1150925005
1150925006
1150925007
1150925014
1150925024
1150925026
1150925027
1150928001
1150928002
1150928003
1150928004
1150928007
1150928008
1150928009
1150928010
1150928011
1150928012
1150928014
1150928015
1150928017
1150928018
1150928019
1150928020
1150928021
1150928022
1150928023
1150928024
1150928027
1150928028
1150928029
1150928030
1150928031
1150928032
1150928033
1150929001
1150929002
1150929003
1150929004
1150929005
1150929006
1150929008
1150929011
1150929012
1150929013
1150929014
1150929015
1150929016
1150930001
1150930002
1150930003
1150930004
1150930005
1150930006
1150930007
1150930008
1150930009
1150930010
1150930011
1150930012
1150930013
1151001001
1151001002
1151001003
1151001004
1151001005
1151001006
1151001007
1151001008
1151001009
1151001010
1151001011
1151001012
1151001013
1151001014
1151001015
1151001016
1151001017
1151001018
1151001019
1151001020
1151001021
1151001022
1151002001
1151002002
1151002003
1151002005
1151002006
1151002007
1151002008
1151002010
1151002011
1151002012
1151002013
1151002015
1151002018
1151002019
1151002020
1151002021
1160329005
1160329014
1160329016
1160329017
1160330002
1160330009
1160330014
1160330018
1160330020
1160330023
1160331001
1160331008
1160401001
1160401003
1160401004
1160401007
1160401008
1160401009
1160401010
1160401011
1160401013
1160401014
1160401015
1160401017
1160401019
1160401020
1160401022
1160401023
1160401024
1160401025
1160401028
1160401029
1160401031
1160405001
1160405002
1160405003
1160405012
1160405019
1160405020
1160405029
1160406001
1160406015
1160406019
1160406020
1160406021
1160406027
1160412003
1160412007
1160412008
1160412009
1160412010
1160412030
1160412034
1160413002
1160413007
1160413011
1160413012
1160413013
1160413014
1160413017
1160413020
1160413021
1160413022
1160413023
1160413025
1160413026
1160413027
1160413028
1160413029
1160413031
1160413032
1160413033
1160413034
1160413035
1160413036
1160414001
1160414002
1160414003
1160414004
1160414006
1160414008
1160414009
1160414010
1160414011
1160414012
1160414013
1160414014
1160414015
1160414016
1160414017
1160414018
1160414019
1160414020
1160414023
1160414024
1160414025
1160414026
1160414027
1160414028
1160414029
1160414030
1160414031
1160414032
1160414033
1160415001
1160415003
1160415004
1160415005
1160415008
1160415012
1160415014
1160415015
1160415018
1160415019
1160415024
1160415026
1160419004
1160419006
1160419007
1160419008
1160419010
1160419011
1160419012
1160419014
1160419022
1160419023
1160419025
1160419026
1160419028
1160419029
1160419030
1160420001
1160420002
1160420003
1160420004
1160420005
1160420006
1160420007
1160420008
1160420009
1160420010
1160420011
1160420012
1160420013
1160420014
1160420015
1160420016
1160420017
1160420018
1160420019
1160420020
1160420021
1160420022
1160420023
1160420024
1160420027
1160420029
1160420030
1160420031
1160420032
1160420033
1160421001
1160421002
1160421003
1160421011
1160421012
1160421017
1160421018
1160421019
1160421020
1160421021
1160421022
1160421023
1160421025
1160421026
1160421027
1160421028
1160421029
1160422001
1160422002
1160422003
1160422007
1160422008
1160422009
1160422010
1160422011
1160422012
1160422013
1160422014
1160422015
1160422016
1160426001
1160426002
1160426003
1160426004
1160426005
1160426006
1160426007
1160426008
1160426009
1160426010
1160426011
1160426012
1160426013
1160426014
1160426015
1160426016
1160426017
1160426018
1160426019
1160426020
1160426021
1160426022
1160426023
1160426024
1160426025
1160426026
1160426027
1160426028
1160426029
1160426030
1160426031
1160427001
1160427002
1160427004
1160427005
1160427011
1160427021
1160427023
1160427025
1160427028
1160427030
1160429001
1160429004
1160429006
1160429007
1160429008
1160429009
1160429010
1160429011
1160429012
1160429013
1160429014
1160429015
1160429016
1160429025
1160429026
1160503001
1160503002
1160503003
1160503004
1160503006
1160503008
1160503010
1160503012
1160503013
1160503014
1160503016
1160503017
1160503019
1160503025
1160503028
1160503029
1160503030
1160504001
1160504002
1160504003
1160504004
1160504005
1160504008
1160504015
1160504016
1160504017
1160504018
1160504019
1160504020
1160504021
1160504022
1160504023
1160504024
1160505001
1160505002
1160505003
1160505004
1160505005
1160505006
1160505008
1160505009
1160505010
1160505011
1160505012
1160505013
1160505014
1160505015
1160505016
1160505017
1160505020
1160505021
1160505022
1160505023
1160505024
1160505025
1160505027
1160505028
1160505030
1160506001
1160506004
1160506006
1160506007
1160506008
1160506013
1160506014
1160506015
1160506017
1160506018
1160506019
1160506020
1160506023
1160506024
1160506025
1160511010
1160512009
1160512010
1160512014
1160512015
1160512021
1160512024
1160512025
1160512026
1160512028
1160512029
1160512031
1160513002
1160513003
1160513018
1160513025
1160513028
1160517001
1160517002
1160517003
1160517004
1160517005
1160518002
1160518003
1160518005
1160518006
1160518007
1160518008
1160518009
1160518010
1160518011
1160518012
1160518013
1160518014
1160518015
1160518016
1160518017
1160518018
1160518019
1160518020
1160518021
1160518022
1160518023
1160518024
1160518025
1160518026
1160518027
1160520008
1160520014
1160520019
1160525002
1160525003
1160525004
1160525005
1160525007
1160525008
1160525010
1160525011
1160525012
1160525020
1160525021
1160525022
1160525023
1160525026
1160525027
1160525028
1160525029
1160525030
1160525031
1160526001
1160526002
1160526003
1160526004
1160526005
1160526006
1160526007
1160526008
1160526009
1160526010
1160526011
1160526012
1160526013
1160526014
1160526016
1160526017
1160526018
1160526019
1160526021
1160526022
1160526023
1160526024
1160526025
1160526026
1160526027
1160527001
1160527002
1160527003
1160527004
1160527005
1160527006
1160527007
1160527008
1160527011
1160527012
1160527013
1160527014
1160527015
1160527016
1160527017
1160527018
1160607002
1160607004
1160607005
1160607006
1160607007
1160607011
1160607012
1160607024
1160608002
1160608003
1160608004
1160608005
1160608006
1160608007
1160608009
1160608010
1160608011
1160608012
1160608013
1160608014
1160608016
1160608018
1160608019
1160608020
1160609001
1160609004
1160609006
1160609007
1160609008
1160609009
1160609010
1160609011
1160609012
1160609014
1160609015
1160609016
1160609017
1160609018
1160609019
1160609020
1160609022
1160615002
1160615003
1160615004
1160615005
1160615006
1160615007
1160615008
1160615009
1160615012
1160615013
1160615014
1160615015
1160615016
1160615017
1160615020
1160615021
1160615022
1160615024
1160615025
1160615026
1160615027
1160616001
1160616002
1160616003
1160616004
1160616005
1160616007
1160616008
1160616009
1160616010
1160616011
1160616012
1160616013
1160616014
1160616015
1160616016
1160616017
1160616018
1160616019
1160616020
1160616021
1160617003
1160617004
1160617005
1160617006
1160617007
1160617009
1160617010
1160617011
1160617013
1160617017
1160617031
1160617032
1160617035
1160620001
1160620002
1160620003
1160620004
1160620005
1160620006
1160620007
1160620009
1160620010
1160620011
1160620012
1160620013
1160620014
1160620015
1160620016
1160620017
1160620018
1160620020
1160620021
1160620022
1160620023
1160621001
1160621002
1160621005
1160621007
1160621008
1160621009
1160621010
1160621012
1160621013
1160621015
1160621016
1160621017
1160621018
1160621019
1160621020
1160621021
1160621022
1160621023
1160621024
1160621025
1160621026
1160621027
1160621028
1160628009
1160628010
1160628011
1160628012
1160628013
1160628014
1160628015
1160628016
1160628017
1160628018
1160628020
1160628021
1160628023
1160628024
1160628025
1160628026
1160628027
1160628029
1160628030
1160628031
1160628032
1160629001
1160629003
1160629004
1160629005
1160629006
1160629007
1160629008
1160629009
1160629010
1160629011
1160629012
1160629013
1160629015
1160629016
1160629017
1160629018
1160629021
1160629022
1160629023
1160629026
1160629029
1160629031
1160630001
1160630002
1160630003
1160630004
1160630005
1160630006
1160630007
1160630008
1160630009
1160630010
1160630011
1160630012
1160630013
1160630014
1160630015
1160630016
1160630018
1160630019
1160630020
1160630021
1160630023
1160630024
1160630025
1160630026
1160630027
1160630028
1160630029
1160630030
1160701002
1160701003
1160701004
1160701005
1160701006
1160701007
1160701008
1160701009
1160701010
1160701011
1160701012
1160701013
1160701014
1160701015
1160701016
1160701019
1160701020
1160701021
1160701022
1160701023
1160701024
1160701025
1160701026
1160701027
1160701028
1160701029
1160701030
1160701031
1160706002
1160706003
1160706004
1160706005
1160706008
1160706009
1160706012
1160706015
1160706016
1160706019
1160706021
1160706022
1160706026
1160706027
1160706028
1160706029
1160706031
1160708001
1160708002
1160708003
1160708004
1160708007
1160708008
1160708009
1160708010
1160708012
1160708013
1160708014
1160708016
1160708017
1160708018
1160708019
1160708020
1160708023
1160708024
1160712001
1160712002
1160712007
1160712008
1160712009
1160712010
1160712011
1160712013
1160712014
1160712015
1160712017
1160712019
1160712020
1160712021
1160712022
1160712023
1160713001
1160713003
1160713004
1160713005
1160713006
1160713007
1160713008
1160713009
1160713011
1160713013
1160713014
1160713016
1160713018
1160713019
1160713020
1160714007
1160714009
1160714010
1160714014
1160714024
1160714029
1160714031
1160715001
1160715002
1160715003
1160715004
1160715005
1160715007
1160715008
1160715009
1160718001
1160718002
1160718003
1160718004
1160718007
1160718008
1160718009
1160718010
1160718012
1160718016
1160718018
1160718022
1160718025
1160720004
1160720005
1160720006
1160720007
1160720009
1160720010
1160720011
1160720014
1160720015
1160720018
1160720020
1160720022
1160720023
1160720024
1160721001
1160721002
1160721003
1160721004
1160721005
1160721006
1160721007
1160721008
1160721009
1160721010
1160721011
1160721014
1160721015
1160721016
1160721017
1160721018
1160721019
1160721021
1160721022
1160722001
1160722002
1160722003
1160722004
1160722005
1160722006
1160722012
1160725001
1160725002
1160725003
1160725004
1160725005
1160725006
1160725007
1160725009
1160725010
1160725011
1160725012
1160725014
1160725015
1160725017
1160725018
1160725020
1160725022
1160725023
1160725024
1160725025
1160725027
1160725028
1160725029
1160726017
1160727001
1160727005
1160727006
1160727007
1160727008
1160727009
1160727010
1160728006
1160728008
1160728009
1160728010
1160728011
1160728012
1160728014
1160728015
1160728016
1160728017
1160728018
1160728019
1160728020
1160728024
1160728025
1160728026
1160728027
1160728028
1160728029
1160728030
1160729002
1160729004
1160729005
1160729006
1160729007
1160729008
1160729009
1160729010
1160729011
1160729017
1160803017
1160803018
1160803019
1160803020
1160803021
1160803022
1160803024
1160803025
1160803026
1160803027
1160803031
1160804001
1160804002
1160804003
1160804004
1160804005
1160804006
1160804007
1160804008
1160804009
1160804010
1160804011
1160804013
1160804014
1160804015
1160804016
1160804017
1160804018
1160804019
1160804020
1160804021
1160804022
1160804023
1160804024
1160804026
1160804027
1160804028
1160805002
1160805003
1160805004
1160805005
1160805007
1160805008
1160805009
1160805010
1160805011
1160805012
1160805013
1160805014
1160805015
1160805018
1160805019
1160809001
1160809002
1160809003
1160809005
1160809006
1160809007
1160809008
1160809009
1160809010
1160809011
1160809013
1160809015
1160809017
1160809018
1160809019
1160809020
1160809021
1160809022
1160809023
1160809024
1160809025
1160809026
1160809027
1160809028
1160809029
1160810001
1160810002
1160810003
1160810006
1160810007
1160810008
1160810010
1160810011
1160810012
1160810013
1160810014
1160810015
1160810016
1160810017
1160810018
1160810019
1160811002
1160811003
1160811004
1160811005
1160811006
1160811007
1160811008
1160811017
1160811018
1160811019
1160811020
1160811021
1160811022
1160811023
1160811024
1160811025
1160811026
1160811027
1160811028
1160812006
1160812007
1160812008
1160816004
1160816005
1160816007
1160816008
1160816010
1160816011
1160816012
1160816013
1160816014
1160816015
1160816021
1160817001
1160817007
1160817008
1160817010
1160817011
1160817012
1160817014
1160817015
1160818001
1160818007
1160818008
1160818009
1160818010
1160818011
1160818012
1160818013
1160818014
1160818015
1160818016
1160818018
1160818019
1160818020
1160818021
1160818022
1160818023
1160818024
1160819007
1160819009
1160819010
1160819011
1160819012
1160819013
1160819014
1160819015
1160819016
1160819017
1160819018
1160819020
1160819023
1160819024
1160823002
1160823003
1160823004
1160823005
1160823008
1160823010
1160823011
1160823012
1160823013
1160823014
1160823015
1160823016
1160823018
1160823021
1160824006
1160824007
1160824008
1160824010
1160824014
1160824015
1160824016
1160824018
1160824020
1160824021
1160824025
1160824027
1160824028
1160825002
1160825003
1160825005
1160825006
1160825007
1160825008
1160825009
1160825010
1160825011
1160825012
1160825013
1160825014
1160825015
1160825016
1160825017
1160825018
1160825019
1160825020
1160825021
1160825022
1160825023
1160825024
1160825026
1160825027
1160825028
1160825029
1160826001
1160826002
1160826003
1160826004
1160826006
1160826008
1160826010
1160826011
1160826012
1160826013
1160826014
1160826015
1160826016
1160826017
1160826018
1160826019
1160826020
1160826021
1160826030
1160826031
1160830003
1160830004
1160830005
1160830006
1160830007
1160830008
1160830009
1160830010
1160830012
1160830013
1160830014
1160830015
1160830016
1160830017
1160830018
1160830019
1160830020
1160830021
1160830022
1160830023
1160830024
1160831001
1160831002
1160831003
1160831004
1160831006
1160831007
1160831008
1160831009
1160831010
1160831011
1160831012
1160831013
1160831014
1160831015
1160831017
1160831020
1160831021
1160831023
1160831024
1160831026
1160831027
1160831028
1160901001
1160901002
1160901004
1160901009
1160901011
1160901014
1160901015
1160901016
1160901018
1160901019
1160901021
1160901022
1160901024
1160902001
1160902002
1160902004
1160902005
1160902006
1160902014
1160902015
1160902016
1160902017
1160902018
1160907002
1160907015
1160907018
1160908001
1160908003
1160908004
1160908005
1160908006
1160908007
1160908009
1160908011
1160908016
1160908017
1160908019
1160908023
1160908024
1160908025
1160908026
1160908027
1160909001
1160909002
1160909003
1160909004
1160909007
1160909009
1160909010
1160909014
1160909016
1160909023
1160909027
1160913001
1160913002
1160913003
1160913004
1160913005
1160913006
1160913007
1160913008
1160913009
1160913010
1160913011
1160913012
1160913013
1160913014
1160913015
1160913016
1160913017
1160913019
1160913021
1160913022
1160913023
1160913025
1160913026
1160913027
1160913028
1160914001
1160914002
1160914003
1160914004
1160914005
1160914006
1160914007
1160914008
1160914019
1160914020
1160914021
1160914022
1160914023
1160914024
1160915004
1160915005
1160915006
1160915007
1160915008
1160915009
1160915010
1160915011
1160915012
1160915013
1160915014
1160915017
1160915018
1160915019
1160915020
1160915022
1160915023
1160915024
1160915025
1160915026
1160915027
1160915028
1160915029
1160915031
1160916001
1160916003
1160916004
1160916009
1160916010
1160916011
1160916013
1160916014
1160916017
1160916018
1160919001
1160919003
1160919007
1160919008
1160919009
1160920002
1160920003
1160920004
1160920005
1160920006
1160920007
1160920010
1160920011
1160920012
1160920013
1160920014
1160920015
1160920017
1160920018
1160920019
1160920020
1160920021
1160920022
1160920024
1160920026
1160920027
1160920028
1160920029
1160920030
1160921001
1160921003
1160921006
1160921007
1160921009
1160921010
1160921011
1160921013
1160921014
1160921015
1160921019
1160921020
1160921022
1160921023
1160922002
1160922003
1160922004
1160922005
1160922006
1160922007
1160922008
1160922009
1160922010
1160922011
1160922012
1160922013
1160922014
1160922016
1160922017
1160922026
1160923001
1160923007
1160923009
1160923011
1160923012
1160923013
1160923014
1160923018
1160923019
1160923020
1160923021
1160923022
1160923023
1160923024
1160923026
1160926018
1160926019
1160926022
1160926023
1160926024
1160926026
1160926028
1160926029
1160926033
1160926034
1160926035
1160926037
1160926038
1160927002
1160927003
1160927007
1160927008
1160927009
1160927013
1160927015
1160927016
1160927017
1160927018
1160927019
1160927020
1160927021
1160927022
1160927023
1160927024
1160927025
1160927027
1160927029
1160927030
1160928002
1160928005
1160928006
1160928008
1160928009
1160928013
1160928015
1160928017
1160928018
1160928019
1160928021
1160929005
1160929006
1160929011
1160929014
1160929016
1160929017
1160929018
1160929019
1160929020
1160929021
1160929022
1160929023
1160929024
1160929025
1160929029
1160930004
1160930005
1160930006
1160930007
1160930010
1160930012
1160930013
1160930014
1160930018
1160930019
1160930020
1160930021
1160930022
1160930026
1160930029
1160930031
1160930033
1160930036
1160930042
